620
37.7969 0
6.6212 0
37.0382 0
29.3235 0
37.0187 0
2.01638 0
11.4409 0
7.54047 0
45.0226 0
6.43164 0
14.9211 0
11.3364 0
1.9623 0
28.6186 0
12.7439 0
31.1163 0
30.7104 0
17.3686 0
37.7493 0
5.93856 0
29.9203 0
3.64513 0
21.5948 0
45.2572 0
46.8442 0
42.4581 0
37.9353 0
18.6109 0
19.2054 0
36.5354 0
35.2341 0
7.00224 0
43.1566 0
22.2723 0
36.3258 0
30.1753 0
24.2887 0
47.7666 0
37.7157 0
19.3113 0
4.19828 0
2.63679 0
30.6477 0
6.16058 0
31.2553 0
43.3916 0
37.2769 0
11.9658 0
10.7601 0
25.0262 0
17.9043 0
40.6805 0
28.6714 0
39.4991 0
35.9377 0
25.5156 0
31.9572 0
23.873 0
44.1264 0
1.1626 0
10.4083 0
29.3605 0
8.16484 0
3.56488 0
1.63283 0
44.4906 0
33.7401 0
25.9215 0
42.2573 0
21.4559 0
45.2328 0
46.4556 0
24.0927 0
25.8805 0
2.61613 0
5.348 0
19.272 0
39.8931 0
17.3138 0
30.0321 0
14.9193 0
35.2181 0
20.7126 0
43.5907 0
24.7172 0
6.65026 0
19.1063 0
6.67447 0
30.5232 0
13.2327 0
7.83707 0
40.9315 0
42.5932 0
16.0019 0
44.4964 0
44.2261 0
10.4925 0
28.2366 0
20.1476 0
2.7498 0
49.6924 0
15.3804 0
49.2054 0
23.7851 0
41.2609 0
1.82149 0
29.1331 0
10.5329 0
41.7145 0
46.4468 0
40.565 0
6.63385 0
31.6649 0
11.2776 0
0.224528 0
6.38217 0
17.9279 0
19.3308 0
13.0566 0
48.4511 0
32.5635 0
20.8937 0
39.3826 0
25.1567 0
36.8956 0
33.8791 0
19.3828 0
47.3881 0
12.1156 0
39.5303 0
0.137945 0
11.8081 0
4.91072 0
49.3433 0
35.5931 0
46.1716 0
1.16478 0
14.7262 0
6.70446 0
42.8793 0
11.1731 0
47.2695 0
49.5132 0
42.838 0
8.54713 0
49.7377 0
49.2202 0
26.475 0
19.0685 0
12.2768 0
24.9261 0
1.63196 0
33.1705 0
14.3088 0
26.7887 0
20.0661 0
48.1879 0
46.1714 0
17.4543 0
10.3035 0
35.7017 0
17.5922 0
22.1115 0
40.6125 0
16.9355 0
7.70468 0
36.784 0
18.1003 0
22.4309 0
43.4885 0
10.9796 0
33.6039 0
40.758 0
10.4928 0
26.4419 0
49.3051 0
10.2305 0
25.6621 0
25.7802 0
29.299 0
37.9389 0
0.706323 0
30.9309 0
21.1094 0
15.0151 0
7.71957 0
41.1755 0
13.203 0
3.89098 0
8.62975 0
23.5065 0
39.5927 0
26.2219 0
45.618 0
30.2052 0
43.1574 0
3.32272 0
16.9892 0
11.2577 0
25.7536 0
10.4777 0
22.2373 0
9.35755 0
1.23575 0
32.7301 0
35.7995 0
0.540887 0
42.9606 0
11.4616 0
26.3211 0
22.2595 0
49.4005 0
27.0274 0
3.19046 0
20.5099 0
42.0425 0
10.91 0
11.6854 0
5.24549 0
14.801 0
20.3151 0
28.752 0
4.39374 0
46.537 0
24.37 0
34.5989 0
39.6945 0
27.6927 0
1.58817 0
0.952213 0
3.44634 0
12.0659 0
23.1895 0
12.8039 0
13.3017 0
5.91965 0
48.6034 0
13.8425 0
48.8802 0
10.065 0
40.1636 0
21.1398 0
9.46543 0
17.191 0
24.3302 0
29.9753 0
9.23349 0
35.2403 0
41.6606 0
14.479 0
0.0412847 0
11.9757 0
43.231 0
4.43503 0
8.51279 0
17.601 0
39.034 0
48.2073 0
45.2937 0
40.6221 0
49.1595 0
48.74 0
2.68803 0
22.349 0
11.5439 0
15.9897 0
28.2687 0
10.1473 0
29.8322 0
27.1489 0
20.2123 0
19.9958 0
48.2887 0
29.6777 0
37.1868 0
22.6189 0
9.65299 0
46.4203 0
7.85922 0
1.31363 0
10.8993 0
7.9005 0
13.2894 0
4.13027 0
12.3355 0
21.8022 0
21.7313 0
1.36949 0
20.0094 0
17.025 0
41.9916 0
19.1689 0
15.765 0
44.6796 0
41.518 0
27.3089 0
10.6693 0
19.7866 0
37.4563 0
40.5016 0
46.9356 0
7.66853 0
10.4974 0
45.2243 0
37.3462 0
47.6842 0
17.8432 0
46.9992 0
44.1045 0
25.7024 0
48.3128 0
5.00384 0
33.6029 0
11.6022 0
9.13411 0
45.9385 0
33.4044 0
30.8654 0
47.3079 0
3.41381 0
47.8903 0
39.2996 0
22.5827 0
13.6553 0
33.9792 0
14.1007 0
40.9643 0
44.6485 0
33.8873 0
28.4205 0
35.1501 0
30.8229 0
36.0891 0
45.6475 0
26.0472 0
23.4353 0
43.3317 0
43.8904 0
20.4345 0
37.4362 0
19.5928 0
18.7473 0
42.4401 0
3.19577 0
30.3496 0
1.57419 0
49.1342 0
13.7539 0
32.4395 0
46.4422 0
17.1677 0
30.3299 0
35.7417 0
39.7505 0
43.9852 0
19.7209 0
3.85119 0
34.9495 0
14.3695 0
37.7385 0
13.37 0
49.5196 0
18.5615 0
49.4591 0
45.1671 0
44.6086 0
22.8943 0
38.4988 0
38.499 0
43.3288 0
25.935 0
8.09188 0
12.0762 0
18.3751 0
11.2877 0
42.4257 0
19.9493 0
10.4219 0
6.17967 0
2.38886 0
6.86407 0
23.3474 0
32.7187 0
42.6058 0
13.0979 0
26.7039 0
12.3268 0
16.9491 0
11.6534 0
26.6962 0
4.68764 0
25.0234 0
26.2158 0
23.2491 0
24.4825 0
21.3829 0
17.8577 0
47.3768 0
9.88169 0
6.35679 0
40.7056 0
35.8167 0
14.4487 0
2.78181 0
4.19185 0
25.7363 0
45.2076 0
24.1412 0
36.1582 0
1.38722 0
26.53 0
43.0223 0
24.7346 0
9.24874 0
35.6281 0
37.8326 0
35.9527 0
47.9548 0
4.78165 0
47.6061 0
24.6511 0
9.4693 0
22.6295 0
0.86691 0
32.7184 0
47.1119 0
22.2498 0
0.576145 0
44.4887 0
32.1315 0
6.93294 0
35.1944 0
17.9482 0
21.3816 0
37.9762 0
22.1401 0
47.1179 0
33.1837 0
46.2812 0
33.2762 0
34.571 0
22.8112 0
26.2984 0
9.3056 0
32.06 0
11.9265 0
47.1382 0
18.0126 0
9.88138 0
1.91981 0
15.6187 0
34.5325 0
11.3891 0
38.2482 0
35.3994 0
44.1075 0
35.3601 0
7.64919 0
44.6836 0
29.8489 0
39.7807 0
1.61658 0
15.0432 0
7.72893 0
22.9982 0
3.01941 0
29.869 0
20.1161 0
36.2031 0
26.1502 0
3.39231 0
20.7741 0
48.9615 0
29.6908 0
30.0797 0
31.0215 0
41.6173 0
27.2179 0
49.0341 0
1.49867 0
29.1377 0
14.6528 0
36.0311 0
40.5268 0
2.90098 0
21.4305 0
34.6343 0
38.2611 0
29.0797 0
29.3179 0
18.11 0
18.8604 0
30.9345 0
33.1532 0
26.5893 0
3.9327 0
36.1726 0
6.45834 0
24.0488 0
22.3757 0
32.6086 0
27.4412 0
43.1498 0
31.57 0
7.13191 0
23.2296 0
12.5915 0
48.7492 0
0.447424 0
11.6256 0
0.247873 0
29.5851 0
26.2784 0
36.279 0
20.1119 0
29.1794 0
7.70953 0
4.74614 0
17.4405 0
36.7892 0
34.0641 0
35.5504 0
5.64964 0
14.9986 0
18.7036 0
32.239 0
18.9313 0
4.87619 0
38.6973 0
42.9801 0
27.2519 0
21.3059 0
20.4213 0
20.4018 0
2.87592 0
27.5532 0
43.6313 0
15.4674 0
26.3024 0
44.0788 0
27.093 0
26.5502 0
23.6638 0
3.37141 0
12.8293 0
43.7757 0
32.5508 0
20.5388 0
48.5218 0
49.9913 0
7.32802 0
32.5859 0
35.5417 0
12.9777 0
47.5844 0
4.24529 0
45.2166 0
16.5157 0
9.12148 0
33.9139 0
9.4958 0
36.3734 0
5.21982 0
29.9171 0
6.77518 0
8.09574 0
7.47022 0
0.406503 0
23.5632 0
33.7726 0
44.4853 0
0.656177 0
10.3228 0
18.1491 0
4.02759 0
23.1521 0
11.9248 0
36.5784 0
43.6909 0
10.4467 0
36.5696 0
1.0189 0
43.0326 0
22.1113 0
13.9966 0
40.617 0
26.3566 0
9.21319 0
7.1327 0
35.4781 0
43.1271 0
16.6285 0
21.8515 0
48.3469 0
46.5455 0
28.6267 0
6.44269 0
4.01577 0
29.0332 0
30.0058 0
37.7884 0
23.5184 0
30.662 0
48.1112 0
41.6675 0
34.6896 0
21.2633 0
3.59236 0
21.268 0
14.9541 0
14.039 0
7.83763 0
15.973 0
7.07157 0
29.949 0
29.9696 0
47.6886 0
6.30559 0
39.1828 0
4.82127 0
