20 50
11 33 12 9 30 37 6 17 22 23 20 1 7 5 13 10 25 30 8 13
5 7 35 37 21 25 37 30 20 19 5 39 3 20 40 21 22 2 36 6
12 34 2 30 31 38 40 17 33 4 8 7 35 35 31 37 35 32 7 20
7 35 6 7 1 16 10 27 35 15 20 31 30 4 18 6 21 3 10 2
25 30 14 13 27 39 12 17 1 14 37 24 3 14 13 33 38 18 35 30
11 32 38 38 30 17 9 3 12 35 10 8 37 29 31 40 33 35 22 31
25 4 3 29 33 3 19 28 30 17 29 29 17 26 4 27 19 15 16 19
19 32 22 3 2 12 20 38 33 29 37 31 16 37 18 18 3 15 38 28
31 38 2 15 9 33 32 40 36 19 24 16 6 19 38 5 40 12 23 19
14 1 18 35 33 17 38 38 8 19 30 25 11 27 16 16 1 31 38 15
11 22 22 2 5 9 19 17 34 22 8 14 38 18 31 13 8 23 11 33
16 29 35 21 2 2 23 21 4 26 13 19 30 12 22 38 35 20 34 2
35 16 36 30 21 4 27 35 33 1 35 27 23 26 31 15 12 16 35 15
14 37 1 37 2 27 16 11 36 19 38 39 7 35 13 26 6 21 40 23
29 36 18 4 22 9 36 23 20 11 18 31 22 11 11 37 2 19 15 18
16 40 3 5 33 35 19 39 22 15 30 40 34 37 25 21 31 32 22 7
1 35 18 39 2 5 6 33 1 11 16 1 25 30 13 3 11 1 8 22
8 25 14 31 9 11 31 40 2 36 8 34 22 36 27 25 13 14 2 16
30 3 13 6 29 37 8 29 4 40 2 14 23 17 11 21 11 27 39 13
14 10 25 12 17 35 15 40 31 9 28 26 6 20 28 30 21 35 5 10
24 13 7 7 29 37 8 32 16 23 2 24 7 5 37 8 12 30 8 27 4 35 40 5 30 6 19 11 38 28 31 36 18 6 10 39 12 7 12 20 1 16 11 20 6 11 18 26 30 22
