16 60
46 98 4 28 78 6 36 100 22 46 72 50 70 50 16
13 14 45
1 3 79
7 16 239
11 13 69
1 4 82
9 12 72
5 9 114
4 7 61
4 15 284
5 15 274
10 13 94
5 10 131
5 8 64
5 11 153
4 7 59
2 12 251
2 12 250
1 16 363
4 6 63
11 15 123
1 9 203
3 6 65
3 11 169
2 10 190
10 13 94
7 9 78
5 12 182
4 13 225
13 16 70
12 15 90
1 16 363
4 15 286
2 13 273
9 16 167
6 13 168
3 10 146
2 8 134
1 6 133
11 14 99
3 10 142
2 11 216
6 7 11
3 14 258
4 15 287
4 13 224
14 15 29
2 4 53
4 10 140
6 11 110
14 16 35
7 15 226
6 13 171
2 11 213
5 9 118
4 14 258
4 7 63
1 9 203
4 13 224
9 12 76
4 12 198
