1000 503
9 102 154 20 592 674 528 78 168 130
11 508 307 236 328 985 503 430 512 718 131 219
9 682 502 648 211 173 507 859 13 432
8 821 316 871 460 540 416 697 511
11 42 988 753 918 551 505 501 684 112 498 762
11 396 496 632 25 864 551 378 900 430 266 97
12 56 227 116 345 405 360 364 805 97 987 5 393
10 494 435 129 867 732 782 830 709 74 651
10 666 785 179 734 95 224 958 335 618 181
13 248 252 428 676 159 716 641 534 925 497 537 334 304
10 170 616 29 583 510 523 449 412 606 870
7 844 675 342 576 54 949 63
8 94 910 775 820 750 249 338 952
10 169 701 114 950 197 174 772 886 768 783
12 666 370 679 891 648 871 625 536 262 7 477 357
8 771 681 553 626 540 354 766 74
7 452 68 88 113 931 107 838
6 865 448 629 311 247 66
9 368 760 55 98 663 608 772 463 533
12 391 241 527 681 986 210 985 591 175 471 816 932
10 273 62 777 17 710 319 920 339 97 215
8 207 746 303 98 360 413 21 736
9 968 896 179 725 95 696 874 741 422
10 396 183 525 734 233 315 750 193 398 651
11 896 683 686 239 641 54 606 653 356 744 719
11 429 445 149 55 696 462 110 935 711 776 215
11 240 938 496 786 972 994 437 436 262 902 719
10 330 25 163 587 999 457 32 209 560 719
11 947 845 983 33 844 864 957 117 449 165 838
9 385 226 514 184 329 198 589 531 192
10 191 936 913 29 197 920 754 37 327 304
8 169 890 916 157 387 578 165 401
11 381 526 358 554 760 866 603 47 59 123 560
7 407 295 233 49 585 713 406
9 80 813 294 885 345 288 471 810 952
9 815 138 170 226 918 864 487 837 262
9 872 990 961 550 127 623 636 793 565
10 983 154 659 686 729 528 308 73 408 707
12 480 254 179 745 753 519 163 860 937 741 150 393
9 811 734 788 693 48 515 513 471 356
11 330 532 694 52 382 555 16 559 85 471 70
9 602 897 454 55 120 585 795 933 15
9 227 291 212 329 808 830 796 783 736
11 781 685 974 46 54 908 499 150 4 334 692
10 385 23 745 473 293 589 714 131 981 586
14 111 370 204 389 208 843 641 311 243 640 545 524 634 228
9 861 865 442 239 544 669 793 730 719
11 20 691 527 246 2 285 633 145 635 131 565
15 755 906 3 918 34 519 115 920 541 486 411 768 140 967 147
10 42 561 206 205 114 585 911 653 680 147
8 789 154 442 89 843 951 718 756
8 396 554 972 583 329 437 713 87
8 584 179 314 492 922 474 481 268
10 630 392 953 84 49 693 840 620 188 797
9 990 753 738 922 673 235 636 981 400
10 480 960 429 496 318 365 625 32 356 870
13 815 517 500 890 819 27 195 935 886 354 695 366 707
10 102 755 172 382 184 633 555 189 21 614
9 358 530 662 757 820 190 474 476 933
12 482 955 694 320 734 49 748 387 79 362 670 96
11 755 569 246 317 200 514 118 937 356 655 946
10 370 276 159 27 213 499 289 74 588 511
12 708 12 948 11 704 779 626 669 501 21 981 373
10 877 906 596 433 121 887 869 86 744 964
9 525 928 632 359 433 342 792 439 899
12 278 627 607 229 581 242 625 792 782 269 437 331
8 133 148 88 115 134 855 188 305
8 225 918 473 365 469 198 275 680
10 274 239 748 820 991 411 618 735 932 671
11 236 954 592 761 596 597 211 994 110 830 268
9 33 232 298 27 920 99 28 735 450
11 518 584 496 681 233 528 591 978 474 28 932
12 427 915 55 441 879 54 970 907 925 366 305 479
12 852 781 764 104 676 950 461 311 647 695 831 736
12 440 20 632 910 880 371 510 132 749 131 703 680
9 535 196 691 654 853 999 635 262 692
9 924 546 746 875 641 437 767 516 539
9 404 248 227 205 139 874 343 247 267
8 372 121 840 585 388 416 313 310
9 363 52 106 879 161 434 86 810 38
11 942 804 207 314 382 853 117 907 926 520 383
9 368 217 584 638 553 137 195 263 833
9 973 527 592 612 991 430 741 59 989
10 722 283 363 445 95 704 528 855 76 776
8 913 527 294 75 118 259 690 987
9 429 856 317 212 779 855 263 634 310
10 421 67 918 113 132 687 189 640 606 707
7 938 809 113 456 846 257 967
8 61 390 492 737 747 158 830 539
11 639 694 179 592 148 716 333 591 618 479 848
8 628 675 199 220 312 447 412 419
12 183 844 435 316 41 39 441 493 78 289 180 646
10 494 930 693 660 311 590 770 490 366 671
11 645 836 856 948 75 114 321 499 705 194 838
8 252 685 788 157 559 795 415 588
8 929 676 129 986 346 589 711 810
9 652 217 841 495 853 329 825 412 384
10 666 20 915 328 819 11 139 109 275 543
10 9 632 232 448 200 597 173 641 423 744
14 207 903 901 753 433 948 548 178 54 766 631 331 932 736
12 724 101 60 683 638 148 420 106 48 635 647 357
9 944 206 100 72 625 506 380 64 888
9 683 509 856 875 972 850 341 606 165
10 111 962 314 204 442 610 271 642 397 516
10 694 865 186 746 616 298 820 591 256 356
10 852 187 980 677 866 784 658 338 74 332
13 67 923 612 887 750 386 137 160 99 981 810 776 403
8 878 973 358 753 643 413 491 36
10 785 897 314 129 224 626 308 269 380 215
11 624 438 295 454 367 884 843 447 175 471 646
10 852 561 580 829 551 570 726 977 112 410
11 645 172 725 234 625 754 598 471 650 410 267
10 682 128 106 721 293 547 754 590 807 588
9 363 427 361 149 461 109 876 262 15
10 601 23 823 488 803 243 977 313 539 692
8 236 746 55 30 743 78 209 560
9 322 55 570 503 353 626 478 266 140
12 480 789 993 2 0 402 293 591 837 484 453 15
10 896 774 254 892 25 887 640 76 665 406
10 102 549 41 580 664 469 483 636 99 967
6 566 742 444 620 501 797
9 480 836 0 17 994 750 413 529 112
10 352 12 470 966 958 120 971 168 247 58
10 811 83 901 205 727 174 193 808 946 310
12 369 630 504 485 448 475 738 325 40 164 556 899
10 878 171 260 328 157 353 412 934 63 125
8 715 320 853 696 503 85 58 59
7 944 292 681 562 999 256 655
10 358 372 116 597 972 803 18 886 590 680
9 962 179 648 360 408 384 498 255 651
14 861 896 426 171 206 208 826 16 688 792 842 540 574 998
10 645 916 442 629 114 721 174 351 112 692
13 297 67 291 367 116 801 905 141 825 522 164 697 357
15 183 361 489 819 29 376 615 345 898 464 463 4 112 422 783
10 993 813 592 748 801 197 464 578 349 888
13 273 517 502 148 253 347 931 230 4 756 560 147 832
12 111 827 307 527 881 139 687 124 408 672 873 384
8 154 435 448 113 687 308 86 228
13 924 836 959 986 72 820 773 333 970 466 76 807 373
9 694 445 826 139 702 379 59 736 393
11 666 429 272 89 365 139 641 506 723 181 309
10 611 928 475 555 175 636 158 436 112 520
13 22 56 777 445 686 528 336 895 54 977 665 130 964
12 494 306 186 25 473 794 688 464 995 282 245 712
11 51 777 686 571 487 141 19 466 672 331 123
8 532 316 823 922 750 808 453 671
10 804 52 901 316 41 737 197 501 398 768
12 217 851 701 880 239 444 544 541 705 741 964 667
11 240 906 550 318 120 132 501 799 340 384 305
11 480 128 745 294 871 447 772 446 150 516 334
11 51 148 966 402 571 994 862 800 282 650 870
8 751 632 367 325 44 79 136 305
11 947 992 844 239 972 625 395 152 434 380 719
14 297 494 51 679 316 659 55 212 444 957 589 733 140 267
8 639 694 100 472 462 935 331 651
8 169 492 238 127 637 86 351 119
10 61 746 121 824 957 970 978 230 830 140
14 798 252 67 372 23 234 46 345 664 803 109 524 58 670
10 865 675 919 92 329 605 249 556 130 450
12 789 764 177 675 431 905 604 311 743 299 511 952
7 778 31 495 858 579 653 250
10 909 751 901 39 555 117 308 394 218 362
12 573 494 207 435 502 662 919 858 688 900 300 398
8 60 435 229 342 329 478 718 305
8 207 527 39 641 805 162 783 692
9 169 171 149 360 8 175 787 245 497
8 811 52 786 580 748 161 135 142
11 666 482 856 382 30 747 387 474 886 21 140
8 877 901 868 748 341 397 282 537
9 227 856 392 95 312 943 413 606 231
13 69 280 61 554 81 367 710 583 879 559 491 763 680
8 56 2 389 328 823 750 579 37
10 877 303 959 264 689 544 73 886 574 181
9 370 452 367 519 696 717 995 739 560
9 708 979 662 200 221 347 409 266 952
8 399 454 567 570 512 356 13 334
8 785 777 260 475 982 822 50 400
10 973 94 746 159 794 951 198 218 14 231
9 370 915 367 731 975 842 512 618 698
8 302 229 555 341 805 606 160 477
9 452 316 200 801 994 806 545 165 671
9 573 421 435 819 866 641 289 834 393
10 976 962 68 29 594 387 193 7 181 832
9 630 20 944 918 583 747 825 808 13
9 990 470 986 238 333 931 949 577 147
10 657 417 638 868 371 678 625 939 807 450
11 569 179 864 55 242 895 855 886 439 262 268
15 960 170 980 615 16 488 237 529 598 876 665 131 671 357 144
14 297 602 225 742 676 674 599 820 311 640 343 7 74 511
6 841 941 668 820 977 63
12 407 877 901 291 475 867 109 161 800 76 64 670
10 80 196 129 917 235 230 649 741 281 290
10 171 527 39 587 139 459 558 713 816 497
10 482 361 554 725 433 336 256 453 695 593
10 6 575 292 286 325 523 249 70 142 870
14 154 496 550 116 582 857 664 792 978 787 411 275 304 432
7 154 442 475 905 750 85 356
10 443 24 285 197 687 437 453 338 7 609
9 568 929 954 11 221 663 523 343 709
7 56 225 260 325 161 653 50
9 427 306 979 617 134 54 18 649 533
8 306 291 823 801 687 978 388 313
10 280 31 595 922 346 874 802 649 739 96
9 566 358 291 365 10 605 536 476 419
10 774 442 91 921 242 329 430 937 524 393
9 983 1 885 139 235 281 634 671 667
10 485 847 571 610 472 570 195 237 351 655
8 470 291 758 157 603 623 47 533
15 330 941 954 910 3 25 121 296 612 693 333 395 160 699 783
10 352 815 390 829 157 413 180 275 231 393
7 781 204 210 626 799 767 38
8 627 227 433 843 837 911 490 565
10 568 246 829 72 801 456 491 415 50 614
10 443 668 212 178 132 523 618 477 304 838
12 440 94 627 760 208 145 329 449 476 209 770 833
11 440 509 277 675 347 197 300 542 718 646 651
11 482 764 592 868 958 117 464 606 465 64 38
10 278 682 549 101 25 375 18 749 805 130
9 67 928 734 817 931 377 647 231 144
8 962 627 674 224 784 141 640 723
8 789 679 359 748 576 935 711 282
13 983 568 485 701 819 617 747 197 673 408 793 64 144
8 997 31 139 857 293 911 545 97
9 602 955 452 953 779 879 837 415 614
9 248 385 548 706 137 808 263 497 719
8 191 742 788 544 869 388 684 64
10 521 273 781 638 55 120 732 642 876 140
10 440 171 128 375 212 92 544 499 281 165
10 549 274 769 451 318 994 515 635 59 290
8 566 258 34 857 329 589 289 130
10 429 584 265 149 220 253 319 982 439 123
8 225 29 293 397 618 112 398 125
12 306 929 276 451 155 710 510 886 356 490 680 670
10 777 961 583 18 341 837 714 939 577 383
12 611 390 599 643 333 411 408 351 384 733 835 586
9 844 686 710 510 161 230 822 354 631
10 535 997 929 225 757 664 173 822 112 366
12 778 81 761 829 173 174 256 793 768 533 964 403
9 755 694 492 43 503 135 282 762 267
10 755 56 91 875 582 970 161 85 619 964
11 601 494 435 104 661 286 553 750 564 690 125
9 485 616 765 570 608 288 795 422 147
10 645 82 969 302 25 519 493 641 740 162
13 6 804 179 661 868 251 44 213 92 523 110 933 450
9 924 108 196 775 120 523 335 728 398
9 485 769 359 953 923 405 515 805 543
9 624 82 204 253 197 626 499 481 410
11 207 292 548 823 493 895 386 175 237 618 730
8 841 389 375 617 996 189 934 262
8 771 769 157 748 994 340 516 96
8 777 668 324 387 193 812 949 419
11 535 509 901 881 780 333 660 663 995 21 698
12 297 841 148 675 974 253 644 687 21 218 216 410
7 774 775 210 333 687 437 739
8 566 627 200 604 395 749 816 332
12 241 385 567 159 431 293 862 579 767 53 967 613
7 404 61 291 716 700 135 282
10 877 159 674 26 469 931 717 281 797 144
11 601 128 435 674 155 34 895 243 453 703 783
10 628 567 996 747 197 483 772 556 142 87
6 983 928 91 919 409 13
12 657 759 602 554 675 727 493 513 109 146 131 332
6 865 431 336 700 164 192
7 12 495 704 377 287 484 838
8 913 875 163 378 488 321 340 327
10 517 955 23 49 510 534 423 524 125 268
9 62 6 569 399 155 610 620 767 305
10 94 765 279 660 235 886 384 797 783 967
14 248 602 746 988 948 791 857 523 635 13 36 614 477 267
12 370 929 226 68 879 460 585 507 642 237 326 74
10 404 62 494 24 871 113 146 542 343 899
9 102 883 774 745 221 514 858 512 338
9 306 65 126 359 662 27 806 598 15
11 352 973 936 435 156 567 487 806 812 650 147
8 778 962 254 701 784 374 28 326
9 252 701 567 43 174 752 800 723 257
8 990 316 974 319 30 515 937 13
13 852 997 532 918 704 625 35 994 79 282 744 334 96
11 396 915 470 156 801 958 882 10 636 490 707
11 426 6 549 638 910 199 780 978 262 697 38
8 798 196 612 350 487 772 247 667
8 421 307 771 765 27 105 434 66
7 297 993 177 823 507 822 830
9 301 992 258 221 696 608 434 767 63
9 222 292 444 857 999 198 465 70 927
7 940 811 233 145 669 690 380
9 535 435 11 336 456 542 36 192 97
9 841 104 184 98 898 190 620 995 304
12 102 280 101 974 814 157 950 8 287 956 13 309
7 955 532 648 157 513 107 680
8 306 425 206 779 700 259 490 932
11 652 226 2 234 402 348 895 994 911 263 927
13 968 883 969 984 659 716 678 857 486 476 699 697 707
10 611 881 693 587 673 531 672 577 422 228
10 322 496 788 780 347 931 137 805 107 520
12 929 948 114 594 461 348 387 515 882 802 763 290
7 20 206 704 857 908 713 889
8 865 986 95 528 109 110 262 520
9 872 628 116 779 513 874 261 735 267
10 20 295 758 729 324 333 161 180 511 670
7 236 814 184 329 749 123 543
13 45 101 12 546 659 788 173 585 483 499 47 598 697
8 12 328 224 54 237 713 140 586
11 774 955 207 199 794 220 850 687 408 925 697
9 236 361 745 84 333 151 977 744 166
10 942 691 941 314 475 173 501 808 793 309
7 222 31 594 825 449 453 216
14 751 9 930 201 173 178 346 416 949 379 373 479 403 383
7 968 372 864 633 507 249 64
7 372 489 629 951 606 398 614
7 272 159 420 487 78 873 123
10 90 627 433 420 375 197 486 218 830 332
14 517 804 891 127 696 991 459 750 18 931 270 436 327 401
10 526 881 88 823 985 817 243 198 331 593
7 575 760 41 820 456 741 7
13 62 682 171 316 229 328 779 678 920 714 926 338 419
11 355 938 227 519 386 457 463 168 598 650 854
12 865 272 292 285 729 640 256 237 531 398 419 38
8 12 567 681 879 173 540 356 888
8 61 317 548 895 907 718 835 304
9 694 470 159 514 18 766 797 422 989
7 56 734 780 161 21 651 450
9 827 94 839 317 791 507 506 194 166
10 601 172 906 988 758 224 71 605 800 268
10 815 778 265 148 495 879 44 914 649 537
12 960 248 753 72 285 562 673 449 53 946 902 719
9 227 761 157 784 636 308 364 150 537
8 789 148 612 991 308 263 357 119
13 385 685 148 2 98 773 92 806 397 618 690 537 5
7 6 52 420 879 40 411 70
7 566 316 676 801 743 534 481
12 396 191 632 710 321 920 341 889 768 192 64 268
8 777 546 742 345 293 600 28 290
10 627 880 864 824 505 534 723 223 380 5
12 207 454 615 153 253 336 447 920 855 339 728 305
7 452 569 607 153 523 749 481
12 694 81 279 731 173 523 395 640 270 131 889 181
8 504 936 550 885 348 970 63 712
8 51 804 572 224 105 263 262 565
9 183 962 277 221 858 118 869 218 520
9 532 148 675 731 858 288 653 338 334
12 111 51 527 881 229 475 319 717 501 439 524 807
11 111 852 20 928 580 472 141 636 598 87 762
12 657 518 306 897 764 428 441 626 377 164 266 147
9 549 839 260 895 353 846 349 419 215
10 940 111 535 254 91 788 347 837 465 719
9 80 814 376 95 867 513 135 574 586
11 628 274 596 809 567 34 325 726 939 165 393
8 666 836 758 473 493 256 66 516
10 82 944 196 972 44 377 578 889 481 165
9 915 128 294 279 553 315 802 650 231
8 372 496 514 780 585 146 107 142
7 330 294 420 644 982 934 614
10 404 254 451 686 587 472 360 540 245 304
12 227 177 966 912 885 817 48 161 146 577 290 250
8 225 294 312 664 430 512 249 349
7 306 527 89 879 8 288 37
10 781 984 761 788 644 541 175 635 653 373
9 302 294 548 857 637 876 557 490 964
9 67 200 221 382 346 510 281 403 96
12 682 811 769 129 153 447 289 340 160 281 703 613
9 494 20 179 126 587 43 409 244 450
13 893 827 3 607 155 693 57 886 85 606 649 477 357
7 236 276 794 791 673 741 327
7 80 679 986 493 287 782 533
9 381 429 554 81 704 853 687 471 422
12 440 352 482 272 676 633 853 604 669 542 911 830
8 777 277 950 620 640 545 63 136
6 836 758 182 608 995 28
11 6 990 880 251 642 32 728 647 577 835 646
14 526 12 274 676 880 985 951 702 837 423 718 770 537 310
8 525 632 953 298 395 642 925 228
8 485 12 90 661 11 604 506 933
13 584 77 638 285 141 10 705 787 531 574 511 140 736
9 751 45 52 775 286 251 483 374 621
11 652 546 930 826 345 137 911 439 713 619 410
12 947 764 20 679 83 294 350 917 242 261 339 64
11 278 122 68 948 286 35 626 787 822 491 14
10 883 771 233 917 784 193 935 466 646 667
8 12 330 177 371 488 506 313 93
12 203 645 938 742 674 853 472 528 182 837 415 539
10 252 208 43 750 882 623 269 340 981 403
7 337 847 643 858 999 397 37
10 845 666 248 292 737 678 456 351 498 888
10 62 217 656 210 8 503 256 805 275 13
8 936 847 775 350 271 230 557 756
11 771 246 685 502 742 757 758 461 999 766 467
8 452 296 737 120 178 714 289 130
9 396 530 428 139 8 637 859 735 383
8 518 344 827 654 919 189 799 66
10 789 813 530 303 948 678 898 243 800 835
11 381 568 872 294 224 727 146 590 481 64 609
8 51 258 875 315 243 308 53 332
12 9 844 187 765 420 514 817 423 935 925 697 310
10 273 12 753 675 879 321 559 168 926 140
10 227 675 210 704 40 907 886 289 244 762
8 302 177 295 738 19 152 590 228
8 936 954 567 367 405 73 498 349
8 538 827 966 866 329 195 289 53
11 894 381 777 984 868 178 18 874 937 926 537
8 821 921 948 127 623 598 192 511
9 355 82 839 454 224 840 329 564 763
7 102 865 104 829 975 642 398
9 628 921 271 860 977 434 490 697 119
7 777 239 633 213 802 833 539
11 111 368 363 811 567 905 641 146 545 4 763
6 962 627 260 817 464 849
13 183 771 694 100 159 617 43 35 341 578 275 112 136
9 845 494 407 662 731 900 512 529 889
9 942 254 0 30 474 705 411 74 998
8 575 314 791 311 545 455 50 832
9 494 980 761 211 30 641 476 436 926
10 611 2 887 92 536 490 181 136 93 730
6 865 199 271 501 364 634
11 217 241 390 596 948 716 190 558 937 181 613
9 217 226 880 843 773 806 636 886 13
9 584 561 94 2 972 213 411 763 119
10 60 786 721 347 173 842 354 933 326 332
9 865 303 149 704 26 576 795 66 216
9 852 968 785 187 648 555 507 263 255
8 774 81 46 251 329 937 647 709
9 421 452 674 461 922 589 464 939 406
11 751 962 172 881 972 660 515 195 4 854 267
15 759 80 561 847 277 514 157 731 558 19 620 636 275 810 835
9 6 638 238 157 551 559 471 707 309
6 258 661 922 335 816 709
12 452 725 81 100 89 986 178 145 541 705 269 458
11 396 566 979 880 612 139 271 792 499 300 14
10 102 694 445 39 27 729 971 339 728 730
12 518 575 616 794 850 591 501 937 471 671 147 609
10 992 778 546 392 199 493 541 377 649 415
10 207 742 210 27 284 395 457 164 162 268
8 774 809 996 198 287 859 471 304
8 258 402 350 174 423 782 816 543
10 369 167 819 200 677 791 460 640 7 147
6 61 580 996 978 388 831
9 722 630 554 871 612 284 464 247 719
11 774 509 229 610 576 79 397 339 150 59 712
9 683 122 954 3 866 487 802 795 646
13 955 627 548 738 139 315 576 308 47 270 574 262 634
8 191 3 921 210 721 137 695 267
9 897 532 948 562 235 640 247 796 680
9 924 169 592 149 460 660 47 36 967
9 236 233 30 118 463 53 744 257 432
8 945 691 775 817 288 589 299 634
10 909 138 399 316 495 922 702 600 275 406
10 217 504 442 761 738 271 243 606 698 670
12 645 1 683 260 375 386 626 531 86 793 956 848
9 9 592 433 149 710 884 48 449 223
14 56 274 172 661 336 626 474 837 394 796 763 5 96 613
10 601 272 786 472 109 542 99 327 671 119
8 960 370 407 638 612 970 914 282
10 962 367 599 347 637 545 711 695 832 332
11 440 167 159 129 765 693 887 641 408 351 621
9 990 148 121 887 743 289 995 181 552
9 708 179 492 433 402 293 135 466 38
8 427 126 232 365 860 437 85 338
7 322 961 264 54 540 379 763
11 652 42 679 550 885 92 329 792 690 946 593
6 845 656 199 251 754 634
9 861 746 677 738 213 92 970 589 338
10 1 122 580 923 689 991 474 471 281 228
9 307 489 98 604 663 977 237 70 927
8 821 561 662 615 293 805 695 257
10 938 532 155 922 605 168 741 14 136 927
7 774 206 887 971 795 471 74
7 861 601 746 597 105 728 125
7 751 390 155 493 409 556 268
8 337 929 567 39 551 336 269 74
12 532 292 88 644 456 430 802 935 158 63 946 373
10 584 813 232 814 365 583 544 237 247 946
11 566 549 913 851 966 113 193 21 465 58 783
8 532 546 580 780 608 934 873 380
6 202 67 155 333 842 574
15 424 9 418 839 988 442 519 957 858 663 105 439 165 796 565
8 227 844 662 120 271 605 631 50
13 425 94 691 974 891 864 840 469 862 146 491 776 902
11 992 42 928 829 696 658 802 649 767 281 215
12 992 890 246 685 200 788 710 26 151 354 833 586
6 960 276 582 54 886 150
7 878 827 930 824 523 164 228
10 322 206 448 210 727 905 395 802 180 38
10 666 903 276 681 840 315 911 354 481 797
7 942 961 710 857 193 981 952
9 133 638 953 905 336 464 230 491 74
10 764 24 985 633 882 792 335 411 557 899
8 278 569 554 596 345 792 439 650
11 872 962 828 775 875 106 562 673 606 621 432
7 283 569 128 402 173 911 807
11 666 396 80 302 580 779 626 510 110 578 703
9 715 451 34 693 895 412 618 590 326
7 630 196 199 726 411 340 797
10 399 813 156 953 472 547 846 574 830 125
9 969 777 433 205 173 743 889 70 614
13 301 61 592 205 996 820 288 124 501 160 797 50 332
9 973 954 710 629 19 766 458 401 670
10 904 877 328 823 727 378 457 631 366 651
8 61 775 285 10 672 107 142 565
7 771 17 603 523 289 354 305
9 852 494 172 204 801 319 117 76 38
7 396 892 765 958 137 340 290
7 363 445 298 570 256 574 987
11 517 385 177 881 761 286 643 105 189 161 194
