2000 1003
8 1234 1058 1815 925 1885 887 950 69
6 1502 190 1609 1868 1059 65
9 665 1663 460 1861 989 1063 83 1147 1791
10 1097 204 1663 763 1200 802 1413 1462 310 41
9 470 1267 804 1677 412 271 1982 1581 76
9 1828 551 493 424 1397 1003 1238 541 915
8 840 925 951 1493 1790 1329 1416 443
10 993 1767 628 1701 1274 496 771 1110 1272 163
11 545 1391 1191 1583 1008 81 1348 236 1006 1437 416
10 1294 1414 279 875 261 1324 539 765 1892 346
10 263 665 1488 653 1265 1819 1413 593 876 1635
9 1404 1532 290 1451 1389 205 186 1937 1931
7 1548 245 992 1827 652 1432 1931
11 1338 1421 1916 430 587 342 814 105 1354 1603 1841
9 1034 1838 1475 1574 161 1833 732 1786 41
8 1526 259 1282 1445 1140 1921 1904 457
10 347 379 1516 497 481 1935 1185 1156 1682 1023
7 1539 1808 295 282 1408 1165 934
11 1905 787 378 31 1531 236 1969 1167 346 1450 1933
9 470 1368 74 57 1546 487 914 1193 1067
6 673 291 121 1825 1979 373
9 918 816 883 1045 1557 1434 514 1177 1942
12 382 1523 694 1008 1685 1724 1943 1658 1323 1413 235 260
6 86 245 916 538 462 76
10 312 1096 1061 729 145 1331 1833 812 1375 995
6 1475 29 921 1923 1836 618
10 46 322 402 57 23 1607 1652 866 162 490
10 150 90 189 930 704 1983 359 391 1132 528
14 545 273 580 1246 783 1967 370 127 292 98 1122 1461 522 747
12 976 1727 930 282 225 1092 864 623 564 776 946 486
14 988 1526 239 591 1637 1488 813 1360 919 136 171 1309 761 1249
9 1702 143 1456 653 1689 206 478 221 1898
9 1894 1162 992 1766 1015 1073 1134 1076 1193
11 392 1639 9 123 497 563 1230 1968 1316 671 1425
7 283 379 1409 156 774 1810 1661
11 663 302 562 1191 1869 1999 1761 1778 676 487 1698
8 355 1108 1638 813 1622 48 202 1665
11 1010 1506 1900 778 1594 1360 1274 1435 720 1684 100
8 108 309 174 1242 1809 1850 1555 14
11 542 1852 815 1748 1207 804 583 1163 409 1823 227
13 1522 1690 9 424 297 109 1095 218 950 356 1228 1443 1149
9 599 598 1312 267 645 896 1859 603 75
11 1212 1644 1398 282 1154 1521 805 1966 1929 557 1898
11 756 654 602 1423 1811 564 950 613 451 65 759
9 1948 1692 672 362 1967 1870 862 308 14
9 1344 993 1702 1436 1250 1274 869 92 1284
10 757 89 1260 867 418 184 1968 1831 494 747
10 809 181 1066 1336 1403 958 1216 585 934 1261
12 1597 891 130 1454 1794 1693 1967 1188 49 807 1296 554
8 967 529 1348 157 1466 939 1160 555
8 347 114 608 1244 1688 195 903 1665
14 840 342 547 1263 127 504 1383 297 374 1792 1002 826 1080 1855
7 542 1862 1891 1451 963 1851 946
11 785 809 1602 123 1447 921 679 220 1850 224 618
9 1085 607 1421 327 54 1188 720 697 1931
7 736 1277 121 857 776 390 1473
11 316 280 1458 790 1018 25 581 771 1633 1613 442
10 403 1119 362 1751 1707 1980 1157 1733 1235 1937
8 607 870 1320 1480 1461 92 1125 406
10 1297 639 424 1463 236 176 865 465 1132 51
9 1747 854 1686 1608 1769 1794 1726 328 483
12 987 502 673 756 787 527 751 1386 1441 1968 1101 14
9 1191 1916 1045 125 1558 539 205 1682 1547
9 1900 1798 1907 547 824 1713 1972 1041 480
8 948 164 735 192 1185 1328 718 552
9 339 701 1765 1663 401 1701 1030 50 718
9 611 146 1226 1891 501 543 1813 724 301
10 349 956 1896 282 766 1027 646 764 1780 1909
7 1404 417 539 1295 1161 463 288
10 727 573 1087 208 25 1578 381 47 22 996
9 1440 1907 921 944 306 323 1305 1586 521
11 1034 777 226 1158 1866 1259 1579 479 1853 65 486
10 90 1750 1637 695 501 940 1924 1871 446 26
10 1440 1727 758 731 300 91 791 1135 1839 974
7 734 674 1136 1310 289 584 1673
10 918 405 1731 1020 711 1448 1203 779 517 361
10 1172 61 813 984 321 1697 1616 1014 191 1975
7 1379 853 1609 1906 500 871 457
9 1277 257 559 669 1019 912 1311 517 512
8 1069 82 853 587 735 1359 743 113
9 303 519 73 677 1298 597 111 1978 166
10 295 1398 608 1094 979 1113 485 1824 241 1711
13 1796 854 1501 1045 269 1967 796 425 662 1219 1629 356 416
9 386 1420 1196 1336 433 171 1405 1816 1425
9 1297 1245 262 1332 1453 147 567 395 855
10 1884 611 93 146 690 1912 952 1169 648 927
12 948 1838 1232 228 234 1009 174 1384 169 1177 1673 558
10 546 1043 1604 992 1546 1274 1959 218 1555 335
8 666 1047 290 49 1388 1617 1203 861
10 777 1640 164 121 1735 237 543 205 153 1111
6 314 29 1104 620 661 1749
9 314 1788 891 1250 374 887 205 832 1284
12 513 1474 470 895 800 1519 156 932 1295 1316 1078 1509
11 673 170 1606 763 378 500 284 661 212 1120 548
10 382 150 1888 1108 103 1267 504 1722 1252 1752
10 1554 1005 785 342 863 583 786 1186 39 1149
7 259 228 1454 292 884 1251 246
10 874 135 78 707 805 720 917 924 1752 1308
11 1380 1802 73 1553 535 367 381 47 818 1625 1067
8 693 60 695 1766 1579 567 260 889
8 1420 66 1729 1519 374 669 678 1584
10 1271 1127 1817 168 1893 32 623 740 584 1841
13 1644 1602 1236 1282 1083 1454 1250 1648 496 826 1039 1786 1115
9 302 655 61 1985 200 32 1650 616 1807
8 721 282 524 1454 1648 419 1078 1041
7 355 1640 813 1820 374 810 1839
8 1031 1761 1398 1241 1358 336 1462 1749
13 874 1414 1215 712 280 299 813 746 1726 171 1831 1937 957
15 1669 1004 828 816 1068 1609 1505 1763 396 27 76 876 75 1971 1955
10 988 809 856 1646 1035 105 597 111 832 507
9 1510 1326 190 1608 1298 714 1219 1871 1791
8 1043 964 1074 651 328 924 407 1875
6 815 449 208 1134 431 1450
9 1318 1884 1974 253 559 539 212 1682 1634
11 1990 654 1814 698 1325 1090 205 1248 1100 613 552
11 1300 1567 1212 1802 1255 324 1006 1689 740 183 1330
14 1523 580 1984 286 151 374 340 932 1171 431 1491 606 1613 1371
7 248 816 1962 1042 431 935 1590
12 1034 1472 1021 1485 234 715 865 1165 1813 1586 954 1898
9 126 1678 633 168 1188 1354 1220 881 911
8 756 1577 1383 1710 192 1339 917 1997
7 1036 875 1250 1359 865 1091 521
8 196 638 460 1040 152 488 1180 821
8 1747 137 1751 1121 804 834 616 860
8 339 468 728 1196 497 98 810 733
8 1644 1761 936 877 25 662 774 934
10 1366 1548 1843 1557 209 746 538 293 1593 1125
13 1657 477 1031 1355 1099 1246 282 856 290 1244 634 1679 1494
9 650 727 1765 148 449 105 293 826 1530
8 445 1317 1559 1018 1726 776 463 1330
7 115 245 453 982 412 1469 1875
9 727 809 1903 1399 1624 1042 1000 911 839
11 1678 525 654 449 1074 482 1411 832 1189 1651 442
8 1867 1854 127 746 1397 144 1708 603
13 882 263 980 441 1847 894 1447 847 176 195 1106 528 1211
11 750 1226 1421 435 1560 796 526 1441 732 251 670
10 978 46 639 635 1018 1544 1339 1613 996 1487
10 1796 519 853 1136 1976 1689 1258 1552 165 1126
12 611 445 283 706 1312 481 744 743 271 1807 246 554
11 1905 1602 778 42 1454 699 919 141 1349 973 26
10 1822 1657 196 674 1925 509 289 1593 1758 1416
9 368 1096 1805 1367 623 1242 328 1469 332
10 470 261 208 944 1861 1827 409 1700 358 568
8 347 430 877 559 1441 630 1120 709
9 1675 1724 508 847 1672 771 241 1111 1416
8 1426 29 789 297 399 1498 360 361
14 1253 349 1279 1896 1925 1540 1978 235 1076 859 1070 586 1115 1067
11 1034 1788 262 965 1207 54 1013 1460 986 212 1125
11 570 835 66 261 145 744 1059 457 683 1081 1137
9 640 204 947 402 127 1169 1462 994 310
9 1072 1236 222 393 767 162 463 1562 1487
8 1353 1317 1777 1384 771 1251 1303 75
9 1747 893 331 1984 1693 25 850 162 555
9 1640 1012 78 1424 1952 496 1978 1752 332
8 477 1675 334 1348 565 616 914 705
11 513 1172 1108 1050 754 1654 857 450 463 782 1651
12 854 1514 885 1797 286 149 979 475 1619 1110 1508 16
8 598 1086 769 1616 779 1235 455 1193
9 1990 190 1250 236 293 881 1316 1641 14
9 693 24 1944 1163 1611 241 478 1508 1054
7 1583 401 64 492 1216 22 841
7 1821 712 449 424 1285 281 1149
9 609 354 737 825 1895 1819 50 1492 397
7 1005 354 430 735 1921 776 478
13 1338 1431 1097 700 1222 1018 711 1244 1680 922 52 1509 836
9 1643 1604 1 707 324 1400 184 19 296
11 133 1212 609 68 1709 1607 963 627 732 26 41
11 601 1001 474 1105 1433 1060 1341 1698 268 1691 959
8 1900 1430 229 56 169 808 678 1464
10 398 1548 1286 1797 1829 1157 412 557 317 1193
10 610 601 723 380 1282 711 1895 985 281 1252
9 794 1277 1963 1454 500 109 33 395 1160
10 975 4 858 820 1861 1408 784 191 1305 1210
7 1788 905 1423 1991 939 1691 1975
11 1262 1148 1055 1392 902 1519 886 1848 1988 1052 1542
9 1675 1916 119 1347 505 1263 1658 381 675
10 291 103 299 775 1274 526 1823 680 841 1269
7 1277 73 788 1145 1713 1164 995
11 398 1502 120 149 649 1285 25 173 1758 27 1093
10 1262 1236 1412 1505 862 313 38 1958 1364 100
14 580 1887 132 66 1777 377 1144 689 1836 483 579 759 1450 935
8 314 1614 706 1040 786 1951 950 558
8 175 1863 211 423 753 1603 1132 836
10 240 816 1516 493 149 225 1053 958 941 1303
9 580 1484 1040 10 381 541 1826 251 974
10 1808 160 930 965 1833 176 118 1728 1302 1189
11 694 129 1553 182 1737 1833 1850 1941 603 1830 416
12 1838 283 1004 729 297 774 272 1227 1629 84 1700 1313
12 1148 160 895 1068 1332 679 197 1003 1106 582 512 1768
9 1271 1901 1475 1843 735 213 404 1552 841
12 188 1056 1148 672 1154 965 1654 664 827 774 1280 1691
8 1036 1026 201 169 1394 1194 1851 507
10 1350 86 1282 88 735 1323 1650 404 687 644
8 1585 473 1484 1412 932 1169 1437 1223
8 641 930 1967 305 1173 1718 365 1033
8 1155 1774 1615 551 792 642 567 260
9 1695 654 1533 869 989 1538 1982 1706 1873
13 1442 1031 542 282 792 182 1142 370 1699 95 391 21 957
10 1869 1381 1911 374 1266 943 144 1131 1831 900
8 1981 549 1517 1579 1198 107 1248 594
9 489 1500 1761 1882 1278 496 917 22 1714
7 337 1458 1071 1444 1166 670 207
11 1522 1745 1707 158 1556 1890 786 619 404 528 498
10 1678 1984 161 1199 1558 526 808 1742 761 1269
10 134 226 170 1938 572 1833 827 1806 1555 18
8 1025 768 1104 916 1991 784 1581 582
7 1905 103 6 537 98 1235 594
9 1051 1068 276 1397 109 144 553 0 1115
8 326 1572 1184 1199 43 1388 791 1994
11 1582 1788 309 925 182 1231 1240 1758 1167 764 77
11 1379 1420 135 1057 1928 1466 136 1742 166 507 1137
9 1262 1788 1315 1829 919 199 186 1469 180
8 1605 1317 1925 388 1030 896 845 554
10 611 967 405 379 449 1627 960 767 613 346
11 489 70 283 1119 635 1466 1652 1090 922 912 1081
13 550 961 1683 177 1112 899 1255 1123 807 1165 1156 1508 1541
12 331 1888 366 1724 984 1844 370 399 1216 1850 483 568
11 1025 1417 1420 1887 190 1535 714 781 272 1330 1768
10 756 1162 68 1075 833 1546 559 526 463 15
9 326 1750 55 867 857 1463 1194 1819 924
11 445 702 1594 31 886 1868 427 1264 920 1667 1665
9 757 68 949 1827 1401 1463 136 541 1290
11 1554 1369 1458 1048 156 95 1568 92 1303 1167 1547
7 1668 643 1105 1144 1281 848 180
9 400 672 690 232 1800 847 399 1337 1470
9 303 665 1069 1369 222 1113 336 1427 974
10 806 571 1112 1815 1701 1505 786 195 773 99
9 1429 1121 1105 804 989 1407 1842 606 577
8 1353 1610 170 788 1923 1462 1193 1422
8 146 1882 229 156 194 1354 740 1964
10 1879 858 1074 1844 1278 543 1578 1439 520 1211
8 315 659 1553 698 56 102 397 954
10 188 1346 1903 282 6 1546 109 774 451 1830
14 550 1097 956 1678 1644 190 823 1393 805 538 664 1216 104 1994
10 1442 1599 106 1658 1219 21 1853 1168 255 1137
9 647 1637 984 1020 1122 753 1698 957 335
7 2 1594 1083 216 308 14 1464
11 545 188 214 1322 55 1116 1073 381 678 104 436
11 890 1162 930 1236 751 6 898 634 585 260 1837
9 1153 1974 677 1608 1433 412 19 75 335
9 1191 196 434 754 1721 475 1179 346 1118
9 1215 980 466 286 210 1144 526 1831 59
13 610 1795 472 1442 1999 894 1893 1766 807 155 184 389 1467
10 609 434 1286 324 979 1737 1410 111 1714 1791
11 1380 86 870 1759 198 1130 1558 634 849 451 889
9 318 628 1392 1276 1230 741 1951 1792 837
10 799 1860 1731 1936 201 1672 328 205 1856 1468
9 1879 1589 700 1805 1560 688 771 1280 1081
10 1795 1096 90 114 267 1913 896 224 1853 554
10 961 540 1637 327 31 374 1266 336 1871 1835
9 1005 1610 282 1622 886 216 213 1280 268
9 303 1671 350 1927 1608 1654 487 1679 1673
10 1300 1253 1623 639 1558 1268 972 514 912 69
11 1960 326 1647 976 595 1602 1128 898 1227 167 1202
11 1459 1821 895 949 1116 1579 1323 928 1831 934 889
8 1852 506 589 1568 313 1836 1776 80
8 975 1008 1222 1646 565 367 684 1711
8 437 385 222 1925 1354 1164 84 973
12 1796 2 811 143 1845 1952 1921 1339 241 1527 1741 357
9 1253 312 591 875 125 1017 1689 1469 15
9 181 1636 1815 789 604 1213 153 1494 713
8 1576 970 1944 664 985 1806 1180 630
11 1705 611 472 473 291 1516 1505 753 1958 705 1046
13 1675 1989 37 856 1499 1505 784 83 1357 260 1741 0 1223
14 569 1632 1767 997 806 473 894 179 6 952 1991 147 1280 16
13 1587 1005 259 1724 1048 651 244 1383 419 1979 235 1661 1137
8 1486 1984 763 1986 796 812 528 1875
10 1918 143 576 510 1764 169 1224 365 974 1873
11 1500 116 506 518 421 444 896 463 764 615 7
12 1705 809 1514 1518 1348 805 1359 669 566 1411 795 390
8 1948 473 1927 856 1804 367 1102 1181
8 1506 453 944 689 784 206 1280 18
10 629 468 1771 814 1020 698 48 205 687 1110
8 1753 1610 814 174 886 1117 409 553
9 1056 1599 587 1362 481 1595 1364 1994 498
9 1127 976 190 992 343 353 479 268 568
10 1808 1393 57 424 685 304 48 630 1892 1261
10 178 283 1365 1844 1020 888 1570 1603 1715 507
7 1774 1012 448 807 1441 1468 1875
10 1960 1212 1637 1805 418 476 1656 1258 268 187
14 966 681 1226 120 875 677 1045 572 482 1013 1951 1357 722 246
8 1548 1995 1829 290 1117 1209 483 722
8 1655 103 121 145 1886 953 19 442
9 349 673 135 234 321 127 1201 1462 1786
11 13 1916 758 804 664 1972 281 1789 1666 1561 1507
9 1817 259 1109 1057 1868 1460 1455 991 231
8 79 893 74 342 1908 1134 1364 1416
7 611 930 327 1383 1772 1874 512
12 1591 146 723 329 88 831 1550 152 1959 945 1834 839
9 966 239 1597 385 9 653 624 212 1076
9 655 573 168 902 1157 1721 206 1708 51
13 1271 291 1009 937 1250 1743 500 408 1301 1941 1080 528 15
9 981 68 262 984 583 427 1529 1189 138
8 1712 1754 294 261 1018 1578 797 557
10 1016 793 338 370 1538 1337 251 1634 361 1507
13 1576 1583 895 1436 1196 1577 1184 1696 420 500 1441 1979 1508
10 1391 46 366 264 174 762 482 195 1700 1507
9 987 295 1477 299 1128 1568 91 634 848
9 1528 1056 844 1130 1263 539 33 323 1547
6 1818 1559 1911 1737 1186 277
8 347 1685 88 1820 1150 1169 1856 954
8 428 573 299 43 371 1106 1147 1202
9 1774 68 1602 947 1035 802 578 1758 59
7 562 168 97 703 1230 1209 1755
10 1990 1226 1606 992 182 452 637 1091 878 1971
8 1536 573 1984 1107 583 802 832 733
10 502 721 168 402 388 481 340 1309 1378 1964
13 386 1182 1637 1589 530 1399 1743 1827 1220 923 260 1425 1269
8 1990 870 1099 1267 225 1150 1859 1618
7 294 947 1800 539 1374 1584 512
12 1496 1486 68 617 682 982 1433 1652 917 1826 346 1033
9 673 723 415 1447 1029 1359 526 58 552
9 1551 1867 1087 735 1781 1091 1629 47 1118
8 1702 362 1829 1622 1461 1755 1272 517
10 468 1226 130 674 157 1198 1376 752 795 166
13 1192 1632 326 967 1857 822 415 1020 762 1578 1176 19 1855
10 1500 525 61 1066 530 886 1385 395 1700 51
10 809 1317 1109 1275 1943 597 353 879 1864 1768
8 870 536 1454 321 1466 1718 1052 1054
9 1832 573 1075 145 1194 1266 808 615 552
11 1340 1751 789 597 297 1652 516 884 1235 1741 69
9 1876 1256 1409 1778 1870 939 1052 1509 1249
10 1564 1172 1044 82 449 1237 1388 1871 722 603
7 961 1599 369 862 1432 636 582
8 1720 551 1121 1505 578 977 221 330
7 355 609 1701 1693 929 308 101
10 1404 1072 587 228 1112 965 1423 972 111 376
18 1214 815 723 875 1814 690 682 1882 805 1998 715 1493 1090 412 381 1836 59 1509
11 1801 1817 426 828 1516 1976 1169 50 391 1180 75
9 1615 1724 508 1159 156 1565 215 180 34
10 727 1614 132 1286 992 1558 87 1463 922 603
7 1817 379 201 623 1385 375 1450
16 1300 366 1821 536 970 307 460 1778 769 1913 425 1650 1595 431 1679 1542
9 1730 1085 1879 1893 886 1325 829 1080 256
12 1926 1215 625 1393 1893 949 707 127 941 878 1054 1975
12 133 1340 291 853 438 1356 1573 1207 958 1982 1167 1023
12 1500 1205 484 645 109 716 1185 581 1405 21 1786 821
9 1217 337 1104 1899 1845 43 1680 1856 406
9 1920 1484 1456 1057 1952 717 365 557 288
11 1934 1840 239 73 1863 877 1511 155 1929 35 554
8 1897 673 595 1324 1017 271 1634 301
7 1442 1501 1057 363 1247 1176 1580
12 315 1350 1724 1499 592 1471 1476 1264 1947 21 843 1126
8 721 1745 264 211 1140 328 490 1590
11 386 1175 1750 413 1267 377 940 1441 743 722 1547
10 274 691 1516 1233 559 929 109 389 1849 416
11 801 302 129 1543 372 700 984 1298 1681 1593 18
11 610 1712 828 1477 290 1466 516 774 76 1111 1416
9 46 60 1535 864 1163 1410 819 357 558
14 1678 1808 470 524 493 1259 1199 1323 1571 566 390 1479 1711 1137
9 1226 1356 1324 589 1063 616 1641 1257 1665
12 1585 736 1664 1170 1174 1636 788 1662 1493 1343 356 270
8 1069 1862 6 471 1952 1850 1659 577
7 1475 758 378 95 1027 1880 1257
11 546 650 1702 1501 1146 790 807 646 1437 406 1467
7 777 997 523 711 1017 1813 1584
7 1821 814 10 371 1165 218 603
10 331 897 1398 1794 12 922 1653 1110 568 332
13 666 1477 588 1157 210 1401 972 637 92 1091 376 1293 1054
8 1232 74 916 592 1515 832 521 335
8 1215 737 8 1558 1952 371 457 51
9 907 964 742 425 786 1363 1634 709 1487
10 1720 1818 214 1514 1761 654 944 184 1790 1807
9 1522 1260 135 1967 857 1406 1301 584 1468
8 596 441 803 1913 850 356 317 1837
8 326 641 666 820 305 1395 308 1261
6 71 1 1130 1949 1611 946
8 793 158 1608 501 1914 35 830 1584
9 1894 1005 666 9 1071 475 1864 798 1049
6 641 1814 1890 645 1406 1964
6 1096 787 383 857 1718 1272
11 1539 188 750 1365 495 1716 634 1783 922 606 1917
11 1141 1636 119 635 1142 775 753 1171 1439 680 910
9 1528 1191 907 1513 704 54 1389 1951 1351
7 1253 809 844 105 1895 846 1970
10 17 988 1353 778 1310 1622 1019 903 1975 100
10 1192 673 639 1983 1145 173 1792 1653 356 1634
8 1860 602 157 374 304 1935 1002 180
10 1051 350 148 772 590 662 1238 1229 455 558
9 1605 727 226 164 343 56 928 478 1618
14 1304 1774 647 598 1887 242 1114 1757 608 1336 543 1002 310 227
8 629 785 787 161 1198 389 782 841
11 1318 1687 1610 1436 36 1861 155 1593 431 1396 1746
10 874 441 828 936 123 572 622 1460 1970 558
10 1676 734 1286 602 858 1648 1377 881 818 913
12 1361 1196 1001 1701 504 1804 827 697 1311 1849 1270 1541
13 499 249 1319 411 856 1128 1403 425 224 1988 1864 991 1933
10 1440 907 677 1445 200 1601 313 1405 1755 1093
10 1960 82 222 1624 1991 1325 281 1836 1327 1937
10 1153 897 415 1957 1499 1844 1336 1006 1593 935
8 1614 222 63 1117 664 940 1437 603
12 1212 536 459 931 1820 1423 399 1063 1413 1806 268 1665
11 1318 551 625 1642 533 642 1377 1410 868 977 1831
6 809 936 1908 1013 511 1284
8 1431 1717 905 1218 688 1091 1293 1306
10 1782 641 146 1276 63 971 141 636 221 1081
9 1155 1857 719 508 1144 689 1002 687 1081
11 382 259 1879 338 1735 306 1349 1947 35 1749 416
14 1878 811 1984 1731 388 1138 20 834 543 1969 454 102 439 255
12 461 1256 931 1624 509 1244 1240 1806 1997 843 1849 680
13 248 1846 1602 725 1458 936 117 6 824 83 1156 1641 296
8 1846 1021 23 916 1011 748 21 436
8 1438 657 493 1408 1003 797 1841 227
11 1739 456 1753 883 1445 1424 1616 1198 1824 381 782
8 1503 1484 937 1778 374 381 1789 27
11 1243 1857 809 1639 754 1803 714 1131 1257 968 227
13 534 354 1222 856 1658 622 909 1476 107 144 223 636 1830
10 693 1245 1671 891 676 632 1407 920 1341 0
11 601 67 899 944 1787 5 1194 743 954 1509 1590
11 550 1869 1392 1646 1521 324 176 1185 397 443 959
12 1597 1075 1288 307 460 1040 1123 12 1345 1039 1287 1023
10 1036 1516 1136 852 1138 136 352 1641 1864 1776
9 326 1599 177 1794 1546 1394 479 183 636
11 126 1097 1953 135 424 1913 669 1806 795 845 1464
12 1857 372 1322 1794 653 1677 616 1972 1180 101 165 1137
7 1857 1267 937 482 1924 832 255
10 956 990 196 1974 1636 157 1163 479 191 615
7 326 411 1609 807 462 771 1892
11 1775 181 897 1418 1485 1241 1540 439 1831 872 1202
11 1195 655 1141 1692 595 1430 225 932 1902 1376 358
9 45 811 1065 253 1086 847 1224 1855 332
10 291 1577 992 790 1996 888 92 1302 443 968
14 70 1548 964 1784 1785 501 834 304 846 122 630 44 1592 26
12 2 948 815 1815 1083 1423 1845 1833 904 797 1561 80
7 1246 88 1525 374 1792 1252 246
10 556 601 1761 460 158 1800 1737 892 1135 416
12 1739 1058 1075 937 423 661 879 1078 1667 1527 246 1481
12 1318 650 785 643 1729 769 1373 500 1042 716 1958 1700
7 70 1577 1365 796 107 323 1877
11 966 1536 647 1709 286 1550 1895 107 1783 1855 558
9 1489 633 1583 1685 269 597 475 1703 1470
12 1426 294 57 157 6 423 543 749 1970 255 586 494
9 1502 1236 481 535 1013 888 1176 1329 1542
15 1717 918 1501 1599 1532 639 63 969 1983 526 479 1979 235 568 1115
10 240 531 1392 378 969 784 387 1571 810 548
8 721 1606 1967 1721 1266 585 945 491
9 2 1356 484 877 154 941 1978 1039 855
11 382 1318 1840 1879 435 1233 1617 1264 1301 1855 1837
7 1782 891 1882 1598 1959 1351 187
12 1605 1474 1747 1372 870 1882 1140 482 1178 846 528 330
10 437 1905 1112 1707 1225 1716 1979 1396 59 913
9 1888 560 1398 549 482 564 1813 163 841
12 1901 1981 214 1999 728 1360 1991 1461 272 395 1405 935
8 1431 573 1738 1967 514 1565 39 974
12 1192 756 750 1594 1814 36 965 919 1733 945 465 709
10 1632 961 1759 813 1083 739 1156 281 1177 1541
10 129 573 243 1499 1512 336 465 1261 1691 586
10 2 1055 430 620 1384 1842 1328 1823 1837 480
9 1801 756 461 894 695 1092 716 1491 889
12 1031 204 875 1731 1332 388 631 1650 817 541 1749 726
8 204 800 1575 667 429 353 463 1950
9 1457 531 1537 1040 1889 1710 1851 463 252
7 1382 337 790 49 212 365 351
12 447 115 1510 1350 1514 1797 926 1073 648 1132 233 1049
10 1536 337 1596 886 1402 1007 107 566 1849 255
10 1338 1705 1888 372 209 535 710 1166 1555 515
8 882 1415 635 87 1725 1077 1703 568
11 115 468 745 1719 208 919 1811 95 1374 19 1046
7 1380 1404 731 440 932 431 1124
10 793 1777 305 124 1144 1904 1280 463 1855 1561
7 1096 617 1854 1452 604 224 974
13 1583 1610 529 970 307 1040 509 105 1952 1201 390 1507 1919
9 291 1477 1276 898 292 1538 308 1580 227
7 768 243 1642 1648 419 819 1768
19 545 489 976 1026 1184 1882 1764 287 804 1569 54 1006 1216 1131 439 47 1167 1371 1137
10 45 137 574 844 1241 420 1015 391 439 718
7 146 1553 429 1848 1545 837 747
7 665 1862 1482 1281 1527 730 335
9 1846 61 656 788 6 1384 325 1714 18
13 1253 673 907 1436 1026 324 1568 444 487 1251 1667 1708 1547
12 1788 1888 291 723 1802 643 642 979 1627 159 511 358
9 1475 1639 608 597 194 689 1309 52 1308
10 976 693 55 453 792 714 1902 678 1439 552
10 1846 1 1683 1020 28 1824 272 819 457 615
9 1262 1808 135 179 1020 1627 932 1432 15
11 368 189 1066 264 370 1825 1652 25 408 162 903
13 1187 629 1051 573 1021 23 698 645 1448 662 826 1823 80
9 1379 110 1820 1986 744 1713 1722 1248 1189
8 1664 415 1532 1040 216 1956 1375 959
10 665 970 3 1928 1433 205 1836 1580 165 1971
7 609 1907 1452 1397 1394 1100 486
8 1326 438 1690 1724 971 387 613 605
11 133 131 1108 1421 1312 1504 156 1388 1102 166 1634
10 1990 294 1162 875 1159 1890 1014 1185 557 872
8 1271 815 1738 792 1648 1923 1091 360
10 1770 355 598 282 1336 500 311 1679 233 494
11 302 295 523 1794 1482 95 1923 646 871 1494 1464
8 1900 1583 1573 440 1408 943 1834 1249
11 1676 1522 331 473 1104 1757 324 423 1612 1280 1749
7 1429 1151 1321 109 381 832 1592
9 437 1930 617 1609 1612 661 47 360 1093
10 736 1643 29 1136 363 91 1617 313 1171 1994
9 641 870 1879 508 1660 567 328 1673 58
12 1669 562 1847 1731 1908 604 1388 748 1708 644 1746 915
11 1490 1723 1148 1863 1777 1466 685 686 1492 436 80
10 1828 68 852 869 604 824 1674 33 1997 165
7 1961 625 788 504 1566 771 457
9 1655 1588 813 244 564 1171 1856 1661 357
9 840 1751 261 762 1804 744 626 1468 1033
11 1668 700 282 1107 1199 1710 827 1722 1752 1776 335
8 1775 633 970 471 616 1209 44 301
11 1664 617 883 1803 370 20 1627 1842 1958 268 603
10 1587 519 1277 1872 1218 1138 786 985 753 718
9 1576 1108 88 969 986 1378 613 1841 1450
12 1723 1391 131 1001 1719 1996 1434 761 113 855 1509 301
12 1404 1421 1903 1485 775 1138 1986 1959 212 1947 268 1067
8 1614 1867 1428 1035 746 1410 224 1098
6 785 1312 1154 1913 817 397
9 1918 1472 719 504 1395 830 1491 1470 1272
7 116 164 1331 1013 865 128 406
10 815 1930 117 121 156 1842 1997 557 1691 959
11 513 1632 1796 131 86 1428 1139 276 1694 861 498
11 150 1196 1881 1200 1607 333 1201 776 1103 1257 335
8 550 1916 970 982 475 740 490 1313
10 249 1655 1004 936 1701 645 632 720 687 968
8 1818 130 1738 509 333 1316 1661 683
8 108 540 1642 1139 1289 752 1228 605
13 655 694 1072 1779 1104 1454 305 1949 732 996 1261 1111 668
13 96 536 787 1953 1559 1068 1624 1914 664 637 47 1561 1830
10 131 1905 219 1488 435 1631 1003 1413 1160 1313
8 2 828 417 984 969 941 1316 1541
9 355 1537 1075 422 1401 250 1378 1351 75
7 318 405 1332 703 1733 83 166
12 882 1212 414 338 280 453 1112 1018 526 238 319 900
10 1605 1588 1151 1654 711 1904 873 491 310 959
11 1647 1916 800 474 1320 1408 1792 1968 1625 268 1124
8 1051 672 1953 1769 1390 1266 1432 163
10 489 1442 1686 1518 3 1811 1395 1941 1871 1561
8 1775 1840 1381 916 1130 1377 851 1971
8 265 1907 3 94 1607 1904 1166 821
14 1338 349 1745 1 588 40 1885 982 1617 1339 1357 271 14 1023
10 1669 1369 728 1609 94 1163 786 960 1871 1849
8 956 1475 814 234 679 1895 1171 603
11 1446 1887 1421 654 1861 1672 1850 1864 843 230 1024
13 82 114 280 1903 269 685 1850 1859 1836 1541 1691 1711 612
10 1643 728 1559 937 378 1631 1493 765 1469 1909
11 291 853 682 495 1013 866 308 773 483 876 207
12 1567 1005 1690 1980 1719 1922 370 124 155 824 1203 1284
10 1158 1119 1347 127 1940 171 1337 215 724 553
7 1817 1319 321 1263 394 271 555
7 1808 931 290 275 802 1209 1839
9 445 1055 1360 159 184 1824 1570 205 548
11 966 1822 1948 4 243 638 1521 105 1740 1491 1473
7 647 1731 229 1265 567 1835 1933
9 1774 1695 1477 1136 952 1515 627 613 15
8 997 737 820 1601 920 1254 44 357
12 368 1016 1663 453 729 3 982 1113 1833 1941 1495 357
10 196 1756 1738 1018 926 929 1134 511 872 458
9 794 1315 342 1844 169 939 455 1971 1590
11 961 745 164 1233 652 1164 1349 365 1520 618 1269
9 580 587 1843 1035 501 1122 678 1133 100
10 1720 1765 119 789 1726 109 1220 996 252 521
9 721 434 592 1652 884 1958 1864 1189 451
9 546 17 1905 792 1546 1511 1956 943 1613
11 1172 1449 61 706 1320 1045 1218 1268 862 1682 528
10 1526 1061 1797 1707 1804 1448 1339 1972 1586 512
9 1717 1065 309 1697 1660 1612 298 996 330
9 204 1615 1114 1601 662 391 1972 490 348
9 400 561 895 161 1144 738 1389 1941 1329
8 1382 591 1980 199 781 1947 1992 1791
11 1585 1643 1668 641 1751 877 1325 537 646 1565 1715
12 1734 143 1843 1107 495 1142 1525 637 107 950 955 730
9 1548 1066 1693 156 1929 1156 584 1703 1839
9 204 1108 1798 1719 1885 220 941 1871 65
8 1158 1692 576 1447 1735 744 167 166
12 1523 617 899 1696 864 1397 1616 1842 923 1363 1041 1481
10 1153 551 905 1136 916 500 977 325 1254 1955
11 799 1195 1472 1604 1893 1445 1230 1385 892 223 1997
13 337 459 1777 1889 476 1434 1725 475 1462 851 375 163 726
8 316 1759 831 1986 637 1972 1552 1933
11 1644 1414 706 1021 1094 754 43 421 846 39 288
8 1554 536 895 24 804 1740 1498 1561
9 975 196 895 1074 834 1224 323 1659 1270
7 1717 1055 1882 1785 1400 1002 680
7 614 1887 1428 1967 660 419 180
11 948 168 1738 1550 1518 151 1560 537 311 1439 361
8 893 1260 161 471 1740 313 1545 668
10 1948 342 369 982 1358 62 881 1850 977 221
14 545 403 1429 1232 1760 60 372 345 653 156 716 83 1375 270
11 1420 570 24 1533 667 1157 20 284 881 1103 1849
9 1554 354 1260 1151 653 1225 928 697 726
12 1723 1888 1887 29 1398 1893 1622 857 686 606 375 1202
9 1901 315 143 725 1259 495 1401 1924 687
7 1838 1514 1550 679 340 1437 252
12 1417 273 438 1533 916 97 169 212 344 1364 983 330
14 1304 908 1946 1583 1418 234 1794 1967 1397 1809 50 1659 39 1249
13 801 1004 527 94 863 1654 642 1713 419 767 1992 1270 1791
10 542 1353 1537 1516 608 40 1408 929 1221 1592
10 988 918 402 1218 1003 192 960 141 1248 1992
12 760 1867 1146 1310 1233 1285 1515 1904 1427 950 255 855
11 1072 453 523 919 755 1680 752 1062 1994 255 521
12 1474 132 1945 379 1109 1048 1998 1935 1969 1613 1252 252
12 472 1353 1319 1974 9 1608 374 220 1529 584 876 1776
9 445 1670 1930 725 388 866 1621 1303 668
7 1655 1930 1105 937 300 1883 1741
9 477 89 533 1861 1244 1395 1790 153 1849
13 1796 315 137 1045 1113 500 963 1515 1850 271 431 1994 1691
11 1817 756 1353 1066 754 1598 1401 323 1076 22 1167
8 777 633 411 1693 1772 1848 829 360
11 398 601 67 123 1367 888 1389 33 950 1306 332
12 1127 1818 1690 931 856 1624 1020 97 926 1213 1742 548
7 1141 1430 123 1660 711 887 260
10 1380 1056 1916 895 635 572 1713 1077 1950 1126
12 1243 1946 806 243 1518 157 572 514 1621 1972 1470 432
11 1818 132 469 1719 699 1910 1611 1059 743 1251 1371
16 1775 993 1459 114 788 921 125 276 1825 1410 868 1979 871 1555 974 1287
8 1232 350 1610 530 1906 272 973 1975
8 1141 1639 1053 604 652 1736 761 1067
7 175 417 32 1377 631 167 841
8 641 1021 852 209 237 1722 771 1161
10 546 1031 86 1577 1890 275 38 1363 603 69
11 1647 1319 1623 103 1872 1484 1891 1285 205 397 332
11 146 1430 234 1086 1799 1128 1631 1710 1792 1156 1307
7 1069 1322 1370 1906 1395 1941 1137
12 1822 1283 1878 366 89 1572 228 1233 887 1427 396 1752
9 614 1591 1639 1854 1383 1538 186 1495 730
12 650 933 362 430 700 635 1057 1658 622 765 1780 855
9 609 1543 719 420 336 1363 1284 1202 34
11 1431 1232 1537 1863 1282 533 424 1654 1073 1101 798
9 1676 1756 1282 864 1188 543 1227 878 577
8 1888 1862 1940 1870 543 1027 743 670
10 575 1056 665 1312 735 1407 475 1902 180 1067
11 854 73 949 1697 72 1793 1433 35 1836 101 859
9 445 1075 695 220 333 1809 1462 528 59
11 86 474 699 1804 985 832 235 605 996 512 34
11 1472 1903 1477 1367 145 1011 1264 939 215 165 1651
11 1775 1591 1583 4 1478 1207 1785 535 205 1064 528
10 1300 437 1418 117 1764 1388 896 1101 207 577
6 918 1738 1263 1014 1413 1992
10 1647 853 1610 1549 495 1029 1677 774 1305 615
9 1522 411 1026 916 269 1048 1134 1816 1070
11 1208 1148 441 931 1797 547 1868 1448 1166 344 432
11 445 658 1016 279 484 1952 501 941 917 955 841
9 1245 962 1048 393 1219 162 1228 18 1269
8 1551 1668 402 919 744 1186 231 494
10 1072 1891 1785 1519 919 1868 738 1224 1062 515
9 1989 980 1738 1693 1773 1713 1209 1698 1313
8 580 316 453 64 1013 1883 1077 668
9 1615 1907 707 1336 1242 671 84 1892 521
9 1990 721 345 495 1512 1921 887 410 1741
8 1894 1638 1663 262 30 1689 1786 1586
12 295 1636 1985 324 926 1433 1448 516 1325 1713 1698 1909
9 1668 1623 1589 1517 1038 1699 1772 808 1552
9 1172 1061 1533 1735 1538 359 1595 1656 915
7 1888 1606 105 1285 619 1228 1545
12 1420 1414 895 1517 1928 1912 1652 1063 153 761 1024 80
10 1446 907 1709 984 503 1173 50 1786 478 486
11 907 1745 980 257 592 105 1558 738 773 432 1933
11 341 1591 1477 1719 1011 1598 941 323 1439 521 668
9 291 459 588 1499 297 1833 1718 1562 361
10 386 86 137 1130 32 1601 197 1357 325 1835
8 882 1900 639 751 504 1239 1703 1651
9 1865 114 1370 1986 87 1924 1432 1703 1115
12 1472 1927 174 127 197 1825 929 958 1621 111 724 332
9 854 1887 469 1038 1986 1929 1357 1143 1111
7 196 938 1777 1913 328 1520 1351
13 550 131 1516 81 1863 1778 1787 1433 631 487 1435 1302 1450
9 337 936 523 420 567 1165 1000 773 1858
10 428 1420 783 1074 926 616 147 1929 1374 843
11 633 601 262 602 1352 775 649 652 1621 878 1508
7 621 1418 1719 590 1813 163 443
9 1190 609 1485 1399 185 186 1143 955 288
9 993 723 120 894 1882 1895 1811 624 465
7 1372 193 964 460 559 1032 996
10 1141 435 1854 867 1844 1740 1471 619 1314 1508
10 663 1637 1805 533 1009 1482 537 912 1351 442
10 780 629 1591 117 377 1358 627 206 1969 579
8 1155 1712 980 1533 232 1616 1000 759
9 1510 1326 1089 844 608 886 1833 752 1975
9 146 1925 1743 30 387 118 830 541 233
12 1954 1355 438 1927 510 209 1268 1956 791 180 478 258
11 640 1643 1905 1927 282 649 1017 1178 740 346 1070
12 1195 1420 322 1882 604 1003 960 578 511 310 1741 1873
11 880 331 750 672 820 1282 1352 72 412 773 913
13 1417 331 86 1572 342 1829 572 796 590 1079 1749 310 490
8 978 1246 1222 1719 1525 808 260 1023
10 1206 150 139 449 1793 1354 419 1406 581 1284
10 1291 706 1151 1932 898 128 1498 861 346 1937
6 472 822 1766 109 391 375
10 1338 274 1588 253 1045 1116 669 1570 1789 512
9 694 1867 674 1996 155 1680 1186 390 582
9 1838 322 823 453 158 1737 812 35 605
12 46 608 788 6 1986 1493 213 1529 323 1749 1272 959
12 1044 870 175 506 1569 492 869 476 367 195 1062 821
11 1043 1486 1236 1312 1504 1424 201 857 194 1186 1581
12 204 70 139 1719 592 1138 423 888 1410 308 819 935
9 978 997 1001 9 1743 744 626 678 494
11 1644 1887 466 1794 1519 1035 698 1281 991 1970 973
13 1183 806 811 1368 73 1068 1116 1144 192 1969 22 458 1223
11 349 542 474 1114 1601 802 1248 1988 819 1682 1494
8 193 1026 877 563 781 829 1327 348
10 1934 366 723 820 547 169 1951 395 722 1287
10 355 551 1759 790 509 1956 1101 839 1494 1464
12 90 55 1409 1811 185 1407 808 1427 1593 671 1749 722
10 1523 693 1458 758 1086 1952 1935 1595 1679 332
10 1717 1623 931 1048 1384 1090 1982 1443 1249 959
8 1475 925 156 1030 1227 1327 1167 1464
12 1206 702 654 877 1268 423 1612 419 281 903 1530 1917
10 681 1756 1639 1559 1844 1006 241 1492 644 203
11 727 641 571 560 1881 592 645 1819 1280 782 1877
10 1353 602 789 1895 1285 1238 1240 1835 1791 296
11 906 756 175 1430 1218 1540 1713 195 346 900 558
11 650 1720 1191 677 1424 958 1571 454 59 26 138
12 890 239 529 321 1936 1944 62 567 1095 483 221 1416
13 1567 1158 1449 110 1146 329 984 1336 185 532 191 1856 1450
10 570 658 1981 1995 232 452 920 1165 911 1917
10 854 426 1916 1638 937 377 38 356 548 577
11 1990 1158 905 1393 225 1535 1910 624 371 218 138
9 473 524 253 1662 1677 1060 1816 256 15
10 890 1788 405 1418 286 179 649 715 1988 724
8 1657 1497 1393 417 40 1377 1874 726
10 757 1989 1514 905 1026 369 109 104 1629 436
7 17 347 643 1519 1239 202 1791
9 736 1183 243 1094 423 1570 1064 180 1955
10 708 1640 222 1188 244 686 1134 619 1708 1917
9 302 1061 1260 790 1648 1914 1227 1859 845
9 273 259 1392 1121 1360 31 1063 1032 1997
9 1420 1788 641 1047 1331 1042 1733 1853 277
13 468 1414 1500 190 816 1387 1332 1910 604 304 1059 974 1791
10 326 441 814 1332 742 399 333 826 1254 959
13 294 1312 992 814 1985 735 1013 1998 1238 782 1193 494 351
11 146 1315 706 1799 201 1726 1688 1435 1941 1667 900
13 1192 1960 633 1056 1119 106 378 539 300 1434 646 950 1635
8 326 46 835 690 1986 1809 1041 498
8 1277 750 66 635 244 1947 44 1070
7 1753 1158 453 1035 1476 1790 1149
12 546 1051 82 1756 1732 1207 1242 514 1498 153 260 455
9 71 1058 936 803 266 1032 749 1464 1124
13 428 1429 745 1513 149 1233 1480 306 716 791 1790 320 285
10 1753 576 1218 864 1200 932 1156 1396 579 1467
10 249 89 783 547 125 141 365 446 1856 1691
7 1989 484 1451 1601 1694 861 1313
11 473 68 677 1259 1777 1017 1716 909 1106 851 1789
8 326 1948 800 1701 746 1011 391 1849
7 890 1191 1577 1743 1003 1427 1329
14 629 658 291 68 1574 800 509 1630 1433 868 1680 1171 1741 187
12 907 1798 970 1939 495 1331 487 684 1076 18 668 910
10 993 133 1501 81 1662 254 1469 231 568 1287
9 1587 655 1050 1738 1086 1402 284 1248 1125
8 116 1421 1745 813 1766 686 391 1592
11 1486 345 234 31 1138 1003 1238 1342 1468 1780 358
9 2 1782 1215 342 464 1944 685 1806 1052
12 1774 734 1317 1953 1488 1320 649 352 1388 1032 1826 1698
10 1212 580 980 338 1609 1299 985 409 1625 1081
7 140 1162 253 1799 1198 832 1971
14 428 1860 840 980 1727 1719 1029 1444 632 365 644 1618 11 258
9 1459 666 137 334 1478 1136 698 1292 1039
8 398 1436 1724 1360 1906 254 389 841
9 1344 756 261 1803 649 176 696 1351 1330
8 339 542 493 1533 1159 109 212 455
8 312 536 574 576 495 932 776 310
9 987 1089 816 269 1018 1940 1323 1978 889
8 1539 1420 947 1505 1386 827 1316 360
11 1840 987 542 822 1872 1360 1827 212 871 1864 954
11 1271 1442 1644 1802 1114 1794 1966 1401 12 19 258
10 1099 1602 1409 944 1906 1213 1578 439 77 1049
11 1702 331 1878 1727 342 1250 1906 479 1972 1592 1530
8 1614 1008 1428 1218 152 1185 27 1152
13 414 1368 411 891 620 420 1231 1410 213 419 1704 455 1711
8 750 466 1288 1622 784 1334 1715 1937
6 601 1320 124 1060 1185 455
8 339 1096 1001 899 305 1242 1091 1118
12 1497 562 936 925 198 1163 1616 685 1185 923 1064 553
11 780 1774 181 856 1275 926 340 311 224 1810 252
8 93 1196 170 36 539 1461 478 1261
9 1897 334 67 1797 1579 49 1201 752 603
8 1072 1501 965 1348 209 141 1883 76
13 456 816 527 63 1622 866 1578 395 1437 317 1780 612 80
11 1576 1457 1930 1623 1087 1035 112 496 195 1120 968
9 126 734 828 1609 984 1007 738 1077 1691
10 1946 170 788 1560 1511 152 1325 162 1746 1950
10 596 1750 459 1987 1940 943 1492 1715 251 99
10 347 1867 380 261 1094 159 1819 1027 272 528
11 403 139 1963 1778 971 985 454 1133 1994 837 1975
11 1483 1127 1705 702 259 1549 429 20 896 934 1481
10 1300 1340 1442 816 588 769 1169 634 1327 246
12 339 303 978 1510 1459 1668 74 1646 1518 1991 1656 1425
11 641 338 1286 1784 1631 622 741 881 1221 251 730
11 1170 437 1574 1572 1458 1886 359 92 35 358 1830
8 1208 385 242 1589 1352 1015 917 1422
8 1158 1504 305 1525 1688 1713 1656 1584
9 1905 1273 269 921 56 444 304 404 1625
9 1879 1136 151 471 868 1309 832 1613 1039
8 1005 1920 1907 31 1268 122 39 361
9 1085 1196 1424 742 487 585 218 1752 15
7 1669 1675 825 72 306 912 16
11 1894 150 294 1404 329 921 969 637 107 1080 1249
11 908 1867 1577 1139 642 1230 1292 1841 458 1592 1416
9 1869 120 1109 813 157 786 566 829 1422
11 447 392 1430 151 1048 475 1728 903 260 1666 1269
9 1934 1720 283 964 1348 645 879 1629 1561
7 414 1599 1980 929 328 697 1307
10 1795 1379 265 1974 695 1630 1295 260 837 1067
8 967 1756 690 711 408 1941 260 1111
13 1215 1867 1099 1779 518 1388 514 33 1826 1111 1661 521 330
8 1496 1065 524 1197 1825 963 1376 458
9 386 70 1981 1731 1159 1017 1650 1062 26
8 1614 1488 125 1699 564 1790 1619 1706
8 1474 1878 1779 676 97 774 1147 317
7 1712 384 350 1409 1394 85 16
8 1148 334 1053 622 185 1570 912 1839
7 1534 350 1282 597 1463 1718 724
11 513 134 1459 1867 1315 1533 592 492 1385 911 889
8 499 1989 177 1057 953 802 1520 1942
11 1215 1514 164 1533 1390 49 237 1471 1247 1728 1849
13 1192 1894 655 146 1136 1452 266 1740 236 781 1603 1992 1661
11 1705 468 647 214 1267 1986 1027 462 1850 615 1661
9 126 1044 625 1769 1793 784 1432 451 335
9 1380 609 1047 1154 533 482 941 1834 910
10 1723 79 1514 707 1207 1230 743 1189 41 330
11 1025 562 609 992 388 538 689 866 1972 407 442
11 1271 1818 1591 1001 1805 1820 1123 169 892 1229 1975
9 1960 1884 574 1222 921 284 1439 924 555
9 1503 1472 1256 279 1040 275 1641 1302 1223
11 1497 1893 1987 1092 711 1144 1240 1994 1193 1931 1561
7 70 1815 1128 1213 986 1302 1024
11 1554 854 1537 1779 32 1544 669 1059 1462 1133 1714
8 86 1727 121 1250 1359 1301 1755 1841
11 1232 1905 1276 363 95 791 832 1831 818 1052 839
10 316 283 1418 148 1976 989 830 1000 1545 577
10 1869 822 844 803 518 169 1180 491 1416 1977
9 1782 1021 1553 106 742 1726 771 779 1541
11 1361 1916 891 123 1911 805 847 176 1161 397 1470
9 1846 1808 1963 1040 1505 1027 1301 860 1313
9 1490 1056 1887 55 1116 185 1164 490 1287
9 1510 822 217 1991 159 960 1783 771 486
10 1808 411 1980 1811 220 427 1988 584 678 330
15 1043 1655 259 441 745 342 1738 1707 1607 359 1328 697 730 1487 335
10 312 366 415 1532 1628 1113 1733 1749 478 18
16 1262 907 1887 245 1642 182 565 377 1063 932 1566 1713 1783 1491 1468 618
11 794 150 1678 1312 222 497 652 1958 1272 486 1830
12 46 1594 1139 1244 421 1725 511 1059 395 1789 1555 1450
11 727 672 1797 1320 1332 1912 43 539 1819 920 1329
8 1429 1759 505 1716 1345 1836 605 332
16 341 1523 1860 1888 918 68 1362 1263 1116 107 578 1947 1529 1176 1189 1137
11 1072 137 1769 1535 370 297 111 1656 162 1293 1791
8 890 525 1082 87 1385 810 1371 913
10 1522 1683 1872 1068 1360 1740 1179 1272 1634 582
12 386 1245 1312 549 1844 1331 862 184 313 671 593 332
11 1990 734 168 1393 1820 751 559 1019 1106 924 983
7 1353 510 20 619 955 1307 51
9 1695 453 1128 538 112 92 410 1786 1126
12 499 472 1036 609 1365 649 1694 817 1951 896 1715 1098
8 1391 74 222 742 1035 887 613 683
8 193 891 1984 1263 1015 1345 478 451
10 1670 1869 918 1798 177 695 1053 20 850 648
13 248 1232 459 1336 742 1263 1512 715 1448 716 1570 1305 555
9 1326 434 1312 1267 225 1231 35 923 1698
11 906 445 1162 137 1424 888 336 1209 1780 973 227
12 570 1089 149 1719 422 1890 805 363 1833 1929 1272 1494
11 981 708 1058 1050 1282 921 1216 1341 1167 670 11
6 1981 1276 834 578 1813 18
9 316 1005 295 1107 124 646 752 1443 1507
11 303 441 1465 1370 1785 1626 20 353 122 797 1093
10 1796 666 609 1953 1128 669 767 1645 1714 100
8 315 1636 921 532 1902 1680 431 849
9 655 529 464 1265 1358 627 1411 202 1786
11 1183 259 1872 1488 1862 1298 333 419 376 507 443
10 1582 571 1907 78 1265 409 241 832 1039 246
7 1585 571 635 1544 940 1789 845
9 760 1788 1393 1983 738 450 1667 843 1306
7 82 307 1367 1299 1407 83 1994
12 780 1838 1387 1068 149 179 623 1650 308 973 709 1635
7 456 295 1638 1957 516 1296 889
10 1459 1353 175 1606 1886 1373 1240 1160 76 900
10 1597 1497 1089 372 813 418 963 1349 1229 618
12 477 835 925 1412 1844 538 194 1003 1388 212 1156 1807
9 1920 177 699 1721 1345 797 231 166 285
9 1291 1548 67 1815 1967 62 802 1620 1202
7 1762 1353 74 1335 590 1095 310
13 1338 681 120 813 1255 503 433 744 1956 986 1706 1494 15
9 658 1760 1381 1608 1433 943 1032 520 1673
9 1438 1208 1226 1428 1952 941 50 1508 69
15 534 239 1056 1012 135 484 1820 1383 1525 741 1956 941 53 1125 1081
8 1366 46 1939 1263 744 396 1443 1915
9 1391 61 527 130 1936 1895 781 1853 1211
12 1417 131 639 858 1114 152 711 1343 191 1633 163 705
6 933 1478 1521 336 1469 1115
14 1085 68 571 1050 527 682 1276 121 769 1616 1345 235 101 859
7 70 1504 919 696 1135 436 713
14 1723 1069 1866 790 1932 1324 1482 141 720 748 1988 1834 357 1223
8 1644 1537 1957 1113 714 1178 1698 586
10 445 1183 529 1047 1889 827 298 1343 1703 1306
11 1822 426 1475 345 1026 1452 49 408 861 1479 612
11 658 1068 1932 1735 377 1627 1400 205 439 1334 1855
8 1822 1745 1784 982 1654 1923 1177 554
9 556 815 1488 1184 842 564 1603 1741 1149
9 1712 1599 1105 1777 1737 963 183 593 1023
13 1420 1350 1162 591 657 1939 1447 1627 892 1880 1248 1742 1708
8 1818 1798 322 23 645 652 1656 1711
12 1812 1675 1008 1365 127 1466 516 311 912 1807 836 821
10 1431 1379 175 460 1321 1401 304 1343 903 843
8 1901 1449 1428 803 87 1339 977 18
10 291 712 1663 232 1130 1453 1689 1659 1302 507
15 341 71 403 1678 527 704 121 1454 1967 1480 1607 932 250 1303 1494
9 809 1999 1484 1387 1083 1007 781 718 442
6 708 897 877 304 218 644
9 1096 295 1724 1335 1726 352 254 1469 1416
7 1852 533 182 1038 689 153 1635
11 1350 1 1701 572 834 289 419 1406 268 1252 1464
11 472 793 1369 1317 1757 1138 1652 1073 479 718 1070
8 1536 1887 1055 1499 56 1295 911 1898
10 665 1066 1485 1298 1531 1358 1880 873 1193 821
10 1246 1574 120 1083 989 1384 206 50 903 432
10 108 196 1798 895 1236 1452 155 1570 1545 722
11 364 893 337 117 253 766 1231 1389 1160 855 1858
8 1022 1664 1326 544 88 1408 1281 782
10 1490 693 117 742 1996 300 1603 1468 618 332
11 1712 948 976 540 123 481 887 716 1816 618 957
14 1884 573 279 1068 1573 36 501 637 419 111 939 1682 26 1473
9 437 551 434 788 1735 1169 1848 1375 911
9 1765 938 886 1231 904 1235 582 705 612
7 519 1760 1820 43 49 195 613
11 614 897 891 544 1778 216 1935 1853 954 548 1635
10 1208 1647 1484 1769 471 1471 408 1790 1715 983
9 840 1862 1985 237 1251 541 1682 1467 1791
9 1782 347 1893 863 1480 1354 1978 490 1211
7 291 965 1332 1444 881 1972 288
14 1344 610 1876 1500 264 211 1207 1952 1721 624 1902 619 1120 436
14 1158 379 342 63 1535 244 501 1699 514 1792 1002 1305 764 1666
12 175 894 1322 1387 707 1521 306 167 860 221 1033 1651
8 1503 146 573 1518 300 1461 1235 996
9 1097 1981 657 1465 676 1042 1247 48 1272
11 1901 347 1765 1050 1286 1370 369 197 909 1166 579
10 489 129 1981 89 729 1336 482 1565 218 1917
12 447 1338 1551 326 1234 219 1207 1601 1538 892 1988 837
10 445 315 1506 1628 1138 194 717 1264 773 713
11 400 1191 905 1778 1710 476 1178 396 593 18 612
9 1717 1446 1004 1368 1985 1868 1969 1853 1313
10 398 135 804 1681 254 1165 35 1416 1494 498
11 691 870 234 951 127 1325 1281 1621 1853 1351 258
9 1605 1879 970 1925 276 539 1117 1186 1780
11 1692 1750 1 788 237 352 118 102 1667 1041 100
9 1866 1273 588 1940 194 791 830 1405 1877
11 629 204 560 1105 418 1726 1463 1621 410 1177 1708
10 966 607 1465 1550 695 420 1384 439 1166 680
7 240 1878 1047 1648 1395 1168 1791
8 966 1583 737 418 1244 986 1836 855
7 1901 1954 295 608 769 710 1728
7 1840 1205 1001 1040 862 1656 1284
10 1246 198 1737 1991 297 888 817 1673 1780 1508
10 890 1846 473 261 852 179 572 359 1363 836
8 1232 61 902 547 1906 328 724 406
7 545 70 1504 979 896 1992 996
11 976 291 334 1094 1654 904 1850 1363 1469 16 1067
9 1946 1954 1317 1995 1207 796 626 1728 1249
6 160 307 1237 192 404 458
9 542 1066 1815 1626 352 144 1152 14 330
11 1379 1212 591 1596 1844 352 738 1674 1689 812 1592
12 1449 1623 560 602 208 1512 1601 1178 923 928 861 841
6 976 700 1038 564 1091 432
8 997 976 177 1719 597 1194 162 910
12 694 146 1415 29 484 1793 1921 236 1434 1689 22 586
9 519 1847 149 1347 833 1725 83 520 407
14 1502 61 137 1104 459 1087 982 1230 748 1619 1495 860 77 7
9 562 413 1945 232 292 1612 1566 1619 1975
6 1808 1112 1943 1134 1682 301
11 1212 331 598 1392 674 1922 1188 1680 397 1810 1776
8 1215 728 342 343 539 1027 323 718
9 907 1236 1984 158 1622 578 848 1149 494
11 239 1246 1589 8 1207 1463 1377 1816 1257 507 357
13 757 750 350 706 1456 1778 1737 834 1833 1650 826 1422 1909
9 998 1585 811 858 1912 1476 1091 1684 1555
8 691 1477 925 305 292 963 191 995
6 196 1501 64 20 298 1835
8 1025 1649 591 1805 1546 1910 1725 101
9 1404 672 401 769 982 503 410 486 1067
11 562 1436 1729 1957 1944 1654 807 738 85 782 1590
9 1243 647 219 1820 539 688 1874 733 855
8 998 1879 234 944 1631 1003 1166 1494
16 640 1765 809 783 1701 1241 421 1359 1209 812 1177 1836 832 1835 1691 1915
7 96 1506 844 1331 1819 85 1547
14 1838 366 181 657 64 1654 1200 169 1902 376 1758 1780 231 1547
10 1526 891 576 383 1616 784 1969 1979 991 1202
11 562 1771 938 1557 1029 559 776 390 221 1776 1590
9 426 576 474 8 1535 1142 1134 1280 1839
9 1208 1639 1550 1911 1575 1332 155 1292 955
11 1175 130 1332 969 624 1281 272 462 771 1405 843
9 760 1417 628 947 1764 300 1323 1742 22
12 1380 907 1588 787 729 1352 156 275 770 1351 1181 138
12 1099 1802 1663 937 1535 185 1247 1713 1437 648 670 1023
10 355 1583 1286 435 495 1453 1434 272 166 1054
11 545 132 120 1761 157 1952 500 155 1851 1306 959
9 835 1963 1882 1157 476 1028 687 670 1915
11 1440 1548 1449 228 1622 374 1652 237 48 1625 1950
9 933 750 899 886 1373 169 678 826 1351
10 750 1750 322 42 194 939 1527 19 548 15
12 1730 263 988 129 1398 1310 1199 755 311 1476 1235 1530
12 610 666 1245 139 1312 1336 565 1060 50 914 1619 44
10 801 1036 1184 1082 788 1868 33 1091 687 1898
10 1283 1353 1108 571 464 174 637 1859 593 973
9 993 4 257 649 1531 538 1386 1988 1033
10 1474 1243 1756 1484 1845 969 1117 879 1864 1115
9 385 222 493 158 505 952 1471 1177 26
9 1840 403 294 1485 1057 1060 142 19 1024
11 1391 1655 1675 24 1685 1738 1009 10 169 488 557
8 918 1516 676 622 444 743 21 1706
9 978 150 534 737 282 1940 1032 903 1024
9 666 980 417 1511 220 1710 450 1296 839
12 1004 571 1690 867 1870 1674 1328 1813 1841 1835 1937 11
9 880 655 1037 345 1336 1435 202 44 582
10 1391 778 800 1863 1845 762 1264 1667 724 1955
8 160 1854 305 421 1131 167 7 1635
