70 2000
484 145 555 337 800 279 140 576 409 505 144 864 583 347 771 77 211 142 984 989 187 905 396 69 912 706 24 978 963 866 325 707 12 896 486 220 948 944 73 877 616 533 285 587 973 568 274 680 192 806 286 513 406 683 142 614 60 259 110 333 766 79 438 868 641 779 292 539 385 653
377 885 494 288 480 369 125 82 868 120 182 603 338 343 480 302 749 343 869 967 818 197 1000 162 235 632 914 287 773 41 248 477 974 88 640 92 228 237 133 953 501 278 243 608 958 470 681 640 730 196 90 866 790 625 938 473 661 367 326 320 452 884 60 741 457 826 177 843 471 818
619 308 472 857 458 20 794 413 827 452 807 913 884 337 682 310 61 997 117 921 970 159 872 85 260 683 897 724 779 684 758 516 662 556 653 518 662 766 327 883 35 884 874 131 769 478 486 746 921 647 723 902 82 765 447 229 953 916 930 910 435 767 697 621 155 669 882 566 571 493
718 594 973 239 177 353 45 473 641 104 109 110 820 414 645 347 670 674 197 183 18 46 992 374 506 685 935 230 164 11 684 325 607 276 884 712 117 425 329 196 262 356 480 93 909 448 65 468 506 356 804 325 513 825 949 197 895 669 365 477 285 267 895 347 735 214 247 406 979 854
786 148 256 502 100 305 710 775 36 639 119 134 126 826 664 383 302 592 119 551 539 992 273 672 989 595 742 405 233 493 3 3 527 70 938 596 393 852 817 969 816 791 743 422 570 591 579 396 994 574 837 532 927 168 228 242 35 113 218 584 168 561 843 991 525 860 328 176 681 63
656 459 601 584 181 600 148 674 693 601 881 535 476 257 235 258 550 495 960 425 349 348 125 517 33 712 12 984 396 402 577 161 227 75 239 6 121 412 71 70 763 485 515 253 541 923 793 583 769 415 1000 309 912 998 324 160 565 36 528 467 572 801 569 166 248 175 935 543 141 429
939 87 484 76 842 305 838 713 78 778 67 67 493 574 761 125 306 671 995 887 763 668 628 994 448 764 810 58 515 311 697 596 445 112 677 414 687 454 326 544 599 700 204 307 322 721 358 770 100 292 398 545 105 518 125 454 733 599 320 824 187 153 106 694 872 706 675 698 232 258
761 206 2 859 195 887 133 774 871 895 573 817 350 480 61 635 223 231 862 323 372 13 5 848 218 447 115 49 537 277 503 707 521 337 339 112 285 492 337 838 687 590 222 594 754 449 174 159 881 335 861 692 206 447 283 93 443 414 663 470 845 912 591 107 724 515 67 559 685 864
564 746 843 969 523 618 916 378 923 466 906 15 944 582 20 314 293 440 796 69 512 405 824 851 826 132 118 188 614 340 747 609 850 951 204 737 461 461 670 300 151 648 365 516 390 224 737 191 989 582 919 709 472 621 927 917 556 588 534 925 164 771 700 545 968 965 992 7 717 431
38 180 115 419 997 676 998 598 666 877 295 59 352 269 679 448 99 629 146 59 271 320 925 62 865 301 234 580 313 614 898 710 256 306 727 842 850 393 852 291 289 570 197 325 921 951 270 586 777 907 571 670 137 45 888 571 762 203 693 494 801 834 944 206 419 910 442 513 24 912
36 157 637 551 475 903 828 342 191 117 518 631 973 731 913 434 49 818 381 10 129 838 395 872 746 494 711 445 773 273 196 56 340 487 547 516 580 378 201 780 656 776 274 819 778 19 224 231 702 480 20 291 351 934 391 490 406 147 694 464 91 281 620 740 173 632 210 472 378 139
613 102 573 725 901 226 574 736 361 744 672 932 734 804 160 254 616 363 820 13 769 671 7 318 604 477 184 274 104 532 669 383 877 783 205 567 261 819 683 221 464 164 498 503 169 410 471 287 932 330 352 650 361 802 473 188 283 556 970 791 23 864 713 207 712 679 172 873 218 338
525 535 789 385 533 755 784 392 605 850 814 625 255 297 104 120 43 140 495 133 300 658 138 364 572 793 172 80 20 34 19 831 963 528 495 98 183 256 104 142 526 62 994 154 731 451 33 837 730 185 301 66 531 178 267 557 243 96 203 572 468 403 259 410 536 361 910 564 465 139
412 985 356 807 593 372 643 72 24 180 876 444 775 799 222 889 210 149 270 443 432 96 105 954 204 684 644 357 134 730 224 641 574 621 759 726 475 635 450 414 226 975 200 491 983 186 904 388 894 250 981 920 185 768 228 978 382 117 589 532 534 388 447 430 214 405 191 493 802 681
869 485 741 693 700 726 722 546 109 59 918 288 364 893 139 196 403 957 127 851 400 123 499 140 678 941 628 929 328 647 153 34 769 457 55 111 97 184 320 2 432 526 703 132 878 839 926 828 939 124 769 221 628 880 645 954 733 512 539 946 457 806 558 604 272 667 804 115 99 658
813 935 769 554 707 535 64 678 421 566 546 831 781 823 822 775 159 765 764 681 129 668 982 138 341 185 966 669 359 804 9 227 516 600 997 704 845 225 897 922 436 349 998 659 130 696 514 669 877 150 222 15 729 511 31 451 228 340 457 830 690 9 891 260 175 883 890 929 514 424
395 130 65 803 610 181 212 164 717 270 783 630 389 392 584 714 88 721 677 318 45 243 490 417 586 738 902 128 540 520 608 843 233 461 360 169 794 125 225 375 425 929 639 452 94 281 659 995 612 869 582 772 32 301 634 397 387 999 687 915 102 472 133 133 183 429 313 804 736 63
552 268 637 359 929 371 610 177 160 493 571 212 155 286 879 141 859 230 218 691 197 106 568 138 204 571 366 942 660 990 550 46 624 176 443 752 866 956 906 270 620 43 748 755 653 928 611 646 153 566 755 756 35 497 618 297 127 377 846 5 91 695 792 2 474 277 583 844 14 458
812 382 44 702 939 313 734 643 626 31 2 483 650 347 383 328 16 591 52 948 627 777 765 948 783 42 274 276 562 593 458 162 165 799 217 84 791 190 880 615 1000 605 141 523 710 659 109 926 441 144 194 281 804 81 848 957 264 962 545 384 68 275 381 976 19 822 223 836 82 311
614 95 188 172 713 932 656 655 518 813 575 875 284 987 786 522 261 710 701 249 645 655 974 657 70 241 110 916 838 308 995 109 111 432 696 700 152 949 59 409 898 360 290 20 715 985 327 660 58 813 337 109 968 427 378 933 783 235 149 904 911 664 356 567 800 975 713 526 949 256
24 787 698 539 401 312 616 765 617 470 337 435 959 489 11 596 582 169 583 246 290 291 642 701 781 900 310 973 109 131 581 657 446 85 367 721 262 276 946 181 360 677 468 923 988 197 825 402 561 621 89 833 384 685 457 702 99 981 285 932 365 366 764 723 966 744 867 923 80 241
702 947 819 716 961 91 357 33 866 821 579 675 689 375 922 270 405 942 15 141 39 423 336 473 379 660 380 76 499 636 854 371 743 69 511 820 957 615 648 828 34 436 411 254 807 277 430 289 403 90 490 952 395 203 933 183 537 854 577 453 993 600 410 74 599 944 500 28 578 179
230 344 61 212 377 765 455 702 806 761 122 19 755 888 210 92 34 206 865 248 15 603 803 310 439 728 747 906 288 761 859 348 487 440 333 737 285 376 478 748 209 526 194 85 273 176 473 128 54 251 135 108 584 269 89 485 955 506 917 199 487 837 755 643 302 555 9 692 100 554
489 400 677 488 535 552 846 226 95 475 347 314 695 2 247 264 91 646 383 743 588 707 394 450 792 275 773 761 683 631 773 187 394 912 843 144 367 202 607 296 918 611 757 813 22 112 919 234 684 295 33 876 507 551 478 387 188 384 275 876 593 367 464 163 38 472 799 305 131 53
940 513 783 31 156 10 27 948 100 564 749 804 905 36 921 786 362 463 502 250 31 99 849 524 462 710 441 719 215 183 419 590 361 980 459 575 437 715 827 93 529 584 213 638 908 706 170 308 426 429 496 119 853 549 194 543 991 654 403 746 63 165 408 641 308 228 213 959 161 539
647 63 216 246 457 877 797 996 802 673 601 347 438 311 565 166 659 95 117 534 400 905 960 218 506 448 746 655 951 337 646 449 274 39 900 109 737 269 192 103 900 417 98 683 398 152 287 542 429 682 995 763 557 245 718 951 767 19 258 411 705 489 891 108 200 761 492 806 269 231
698 347 949 640 768 965 704 821 626 890 47 69 577 737 556 716 835 247 197 961 312 665 422 35 439 312 970 627 170 922 504 789 450 775 342 290 567 338 117 115 756 346 224 868 953 444 508 760 553 706 177 467 49 786 980 314 42 4 304 380 709 731 765 537 461 299 643 553 248 454
996 442 977 156 110 52 677 851 603 215 290 535 185 520 154 776 251 381 416 671 293 978 879 721 283 721 140 484 271 668 818 246 208 105 287 278 929 22 993 106 815 694 289 231 494 364 516 662 120 58 405 643 163 845 251 98 364 619 973 12 710 695 270 674 455 286 91 998 138 830
423 206 886 148 143 283 891 795 687 810 766 212 901 166 502 964 213 635 764 118 707 211 619 357 113 884 417 346 499 241 224 136 534 177 283 274 529 834 146 170 256 447 658 459 409 671 22 382 774 670 377 695 296 146 767 844 948 349 894 609 558 779 868 934 962 824 349 374 32 199
856 24 40 922 75 236 541 19 633 238 240 592 767 129 750 858 978 581 647 836 240 790 968 414 610 357 887 985 727 272 773 366 935 92 936 274 598 371 359 205 140 592 10 630 937 913 275 986 517 40 801 566 223 882 583 771 418 345 562 505 911 418 363 410 422 76 553 10 499 756
691 295 999 19 19 571 839 501 59 607 90 171 96 83 390 445 435 401 431 796 580 114 451 308 510 278 899 826 464 195 428 783 230 882 372 734 952 811 944 87 127 500 677 346 938 410 936 845 593 381 545 812 738 130 389 284 260 712 223 332 764 651 504 610 667 279 957 313 941 149
791 817 644 616 821 520 136 679 672 649 934 781 281 136 560 450 891 671 809 507 135 524 938 890 46 263 414 179 550 874 670 922 790 514 687 344 981 905 453 786 798 128 926 392 244 419 354 151 591 500 570 941 837 83 506 989 345 842 796 989 92 199 890 889 118 385 527 577 204 368
730 56 863 119 71 32 411 325 869 289 851 836 78 549 370 367 28 740 817 671 161 555 662 72 237 618 22 182 469 698 666 864 958 366 488 817 294 507 827 666 306 284 873 38 714 273 696 678 218 846 599 683 247 979 519 859 119 150 812 734 89 784 153 678 278 659 808 137 250 173
354 655 182 38 630 521 62 381 645 386 751 948 255 927 498 35 444 926 268 20 110 222 203 197 991 159 185 671 218 720 946 759 311 140 295 441 132 940 153 138 806 387 173 503 759 512 260 732 178 356 153 894 615 43 688 564 714 274 269 889 849 237 281 301 380 591 939 709 859 613
998 457 447 651 359 171 257 805 918 301 648 549 413 161 347 903 866 925 338 484 953 722 573 427 17 60 863 118 437 569 470 47 559 173 522 21 457 161 541 818 958 121 200 957 165 331 606 983 422 692 244 678 357 388 209 851 27 774 430 620 77 779 649 884 694 237 590 354 823 504
264 363 543 851 344 497 681 381 388 655 307 257 616 788 38 861 942 670 570 650 694 374 606 497 612 458 505 579 382 996 59 140 286 649 325 177 786 201 839 794 601 736 944 776 679 572 912 890 992 530 810 427 933 870 142 763 309 473 860 941 369 435 20 785 91 172 336 191 164 170
833 396 106 419 128 776 521 554 695 884 298 387 432 575 773 30 681 432 968 200 637 605 775 739 289 840 866 409 299 24 649 317 123 190 668 732 883 750 527 500 653 878 547 956 895 78 714 1 579 165 288 109 283 707 153 381 132 10 477 760 734 642 363 230 78 970 36 92 612 186
278 960 385 539 303 964 381 53 647 37 800 502 756 805 845 358 89 701 658 602 690 624 730 352 760 838 333 30 667 250 566 269 191 742 571 914 640 128 484 639 574 389 971 135 5 183 74 739 623 630 540 364 229 448 249 981 102 574 145 152 780 417 907 976 873 145 3 512 175 46
302 729 322 631 966 93 486 8 225 928 187 424 834 637 16 721 565 700 823 243 428 284 737 82 983 189 983 432 923 618 319 539 669 164 814 758 977 105 101 550 948 625 140 817 177 35 900 734 700 967 808 130 395 713 76 419 355 27 481 298 388 357 777 569 959 262 996 449 669 52
554 300 722 441 411 203 807 606 445 731 155 348 208 634 434 302 48 411 356 274 539 391 719 499 227 319 341 705 55 102 511 559 687 387 195 309 91 960 336 522 768 744 822 338 324 922 668 823 252 712 82 362 592 500 37 728 994 501 217 562 256 774 135 863 490 533 533 65 366 144
178 695 248 973 698 105 379 188 12 397 990 470 468 810 180 691 827 618 391 21 990 811 671 321 365 77 152 746 375 515 81 366 654 838 783 903 525 986 753 91 243 361 143 986 337 414 974 438 514 230 79 998 554 773 29 979 398 753 891 153 459 235 556 245 478 362 713 152 42 461
537 124 90 992 76 140 258 812 25 588 853 226 371 838 350 977 455 789 824 240 273 553 956 738 439 689 781 410 714 851 708 419 524 417 744 922 689 834 352 492 533 933 456 915 128 119 842 950 235 86 503 110 937 343 941 259 513 718 671 4 621 97 884 659 25 229 672 695 75 725
310 846 472 385 799 931 935 705 614 207 742 327 723 495 600 657 484 385 716 901 510 400 542 571 748 352 809 728 899 546 26 308 668 164 583 441 155 402 3 528 833 640 421 131 611 72 305 181 238 122 703 35 973 269 599 835 490 268 196 224 586 406 712 28 505 201 768 133 497 316
260 420 398 919 854 615 782 600 798 370 365 495 204 766 382 107 252 524 362 670 607 989 582 509 563 370 772 679 573 290 238 744 735 885 619 969 508 69 344 384 940 507 665 397 77 608 565 731 869 623 454 315 937 570 557 167 418 323 382 134 571 186 418 408 371 640 717 952 440 381
73 496 831 570 885 302 560 806 1 495 816 103 467 316 269 200 87 934 977 91 154 725 553 623 924 419 973 752 267 826 580 174 899 514 381 895 237 679 99 271 620 776 968 384 782 877 116 974 177 816 1 769 902 9 563 802 252 662 994 651 558 660 866 739 755 731 481 200 225 408
849 391 786 331 916 753 307 163 795 571 85 104 362 694 663 936 14 620 820 294 970 46 459 815 903 156 774 794 894 888 72 482 49 267 595 665 196 390 674 140 692 718 853 885 11 633 92 536 51 27 609 868 633 212 980 142 364 47 157 52 586 14 869 108 32 311 8 438 443 282
588 75 710 294 970 316 198 535 858 718 852 317 799 534 558 731 46 268 961 394 750 140 169 896 1000 981 810 134 54 885 577 13 731 289 420 46 525 855 43 136 153 503 52 477 210 385 958 382 634 94 307 100 757 833 107 371 648 539 901 664 773 229 921 168 214 686 641 132 203 154
416 140 732 293 17 277 624 583 994 578 16 407 143 534 151 734 907 75 20 385 950 911 203 391 33 543 633 920 115 12 755 817 917 882 532 136 254 382 586 909 621 714 97 273 909 43 612 828 117 391 492 163 341 881 235 773 11 983 25 563 63 672 421 376 101 28 126 63 605 579
657 178 872 226 435 13 931 421 15 375 167 665 595 784 296 323 566 590 225 731 30 638 179 776 441 839 203 605 794 234 163 113 594 689 703 47 816 792 561 945 824 797 786 150 722 797 953 907 795 808 524 824 723 222 181 341 441 670 601 96 321 948 306 351 723 711 981 394 171 512
805 754 106 585 275 347 56 513 726 191 688 766 106 818 274 270 90 17 853 196 957 395 917 136 212 128 414 250 436 98 73 147 144 44 783 709 340 551 405 899 11 621 354 463 368 714 268 177 101 787 939 378 241 450 417 553 288 118 832 581 245 803 324 497 12 781 33 666 412 974
989 463 417 764 619 72 938 211 265 626 121 47 570 74 703 894 632 51 61 147 743 91 48 314 759 801 702 689 39 750 697 95 112 782 838 717 813 132 616 512 237 919 14 502 978 775 76 442 860 131 768 884 833 766 996 846 7 582 475 638 537 346 908 692 113 453 105 146 980 370
839 201 225 445 847 385 380 884 431 861 330 506 202 771 257 550 721 100 903 194 566 477 404 442 965 525 825 765 55 499 905 608 440 753 929 791 969 185 570 456 84 53 806 998 43 257 792 461 394 280 496 334 763 814 440 605 35 591 231 111 382 146 792 87 735 26 382 646 1000 549
892 287 534 596 679 712 696 87 749 616 259 779 435 46 212 632 810 714 29 542 215 243 880 839 65 381 250 888 321 137 957 640 410 990 523 982 61 424 552 660 278 763 242 355 976 305 915 564 839 409 714 853 807 763 491 91 205 430 1 134 743 183 203 300 601 712 305 548 726 88
136 389 652 969 192 7 242 832 36 593 19 386 482 49 154 758 837 464 310 362 973 251 571 742 532 309 90 990 386 159 297 645 128 219 831 571 397 102 251 387 912 105 831 637 876 271 571 357 172 746 625 246 482 896 881 242 448 634 433 209 269 27 730 142 179 444 627 550 446 959
143 810 243 86 517 461 139 178 101 225 789 149 732 1 713 400 253 514 626 538 890 767 115 287 470 491 187 795 781 942 513 518 681 509 113 621 627 506 43 505 244 248 444 956 250 555 156 262 756 384 576 530 131 928 692 41 927 715 401 21 307 929 832 555 215 646 553 462 154 935
561 345 963 308 448 250 268 537 251 360 43 460 240 2 383 772 612 830 156 776 187 2 875 550 462 808 502 696 442 312 139 583 596 475 953 906 372 707 468 417 248 375 575 340 783 932 504 119 676 469 408 609 723 437 860 619 513 954 742 917 79 285 555 745 757 476 625 969 640 586
820 806 588 892 619 270 517 412 836 27 954 405 420 208 327 99 866 86 524 73 106 303 341 18 656 738 710 35 736 746 310 447 224 132 86 303 555 93 239 860 107 346 693 237 788 371 158 76 468 968 480 68 163 740 974 429 778 342 402 659 34 794 532 812 893 119 396 369 329 207
366 789 357 17 568 592 19 275 640 505 858 937 925 397 936 784 713 31 762 335 744 535 636 921 281 510 51 36 513 438 731 648 721 28 756 613 982 778 358 907 893 234 934 8 233 683 702 261 82 952 408 551 845 583 655 398 512 1 172 352 85 673 477 130 428 565 229 98 859 58
958 859 436 886 800 421 527 508 598 16 968 438 92 830 542 209 939 313 98 700 429 532 696 558 601 559 323 815 710 683 718 47 441 993 746 721 403 41 623 197 761 405 294 793 739 662 259 339 699 966 774 679 300 222 920 150 772 689 192 412 724 270 769 1000 818 657 221 550 1 844
759 422 589 225 31 400 323 224 783 413 439 238 616 713 907 98 762 719 54 799 706 962 958 377 332 410 114 852 657 574 415 82 313 523 908 534 372 746 890 790 734 628 505 53 188 43 109 330 727 357 707 475 877 854 885 584 761 246 212 100 653 255 269 471 217 576 297 698 489 296
75 440 144 179 925 702 49 806 45 74 410 229 584 631 385 135 624 48 709 212 184 554 527 884 837 477 432 289 825 475 306 344 623 783 844 783 622 970 398 24 285 931 35 945 340 676 459 243 212 578 877 805 304 814 409 918 655 702 532 161 262 776 316 25 362 720 225 457 64 187
201 101 240 373 620 6 609 106 638 389 359 667 724 444 985 890 840 312 743 305 68 207 42 413 188 55 245 511 217 441 707 155 584 506 619 652 809 391 527 628 68 999 928 106 913 949 712 782 643 773 149 821 178 973 849 566 544 512 76 66 485 519 569 220 909 317 366 596 830 287
989 826 498 859 830 70 424 667 256 463 28 298 51 465 332 867 256 453 34 119 769 116 498 292 454 39 698 971 242 134 669 41 442 329 378 809 126 93 856 358 583 235 319 75 881 390 511 205 597 431 632 708 412 364 79 983 768 933 998 648 662 684 759 590 79 762 595 445 843 317
643 753 181 343 586 840 482 274 997 786 760 853 932 867 672 581 969 425 480 352 864 496 529 960 450 323 644 394 933 143 562 226 490 792 323 577 529 377 480 227 4 79 97 93 618 715 236 279 25 95 652 672 980 656 186 257 565 554 886 387 818 508 556 875 617 696 532 424 190 53
787 408 999 186 535 991 926 472 317 494 884 795 822 136 997 611 543 638 182 324 138 335 171 516 697 322 374 823 964 609 136 521 12 98 138 722 931 429 961 695 459 995 575 787 131 862 425 810 63 452 972 449 679 744 361 462 970 558 277 928 371 950 200 867 744 724 655 367 912 303
939 529 450 968 283 157 453 528 874 188 436 8 764 872 243 533 662 455 708 962 303 795 551 532 97 284 331 271 939 144 654 614 864 647 861 1 267 994 631 580 148 408 655 863 414 671 218 990 589 805 611 209 554 96 117 61 20 841 337 700 592 425 184 328 657 982 720 802 398 528
29 857 33 681 209 347 971 913 811 72 641 293 705 972 555 231 551 363 794 498 507 665 524 344 672 300 782 107 374 978 918 736 760 8 587 905 961 401 120 678 296 744 500 392 526 276 894 149 80 124 457 54 517 98 773 417 740 269 828 857 449 249 315 445 263 439 262 310 28 116
172 213 319 611 527 793 98 649 931 540 776 590 295 837 648 582 92 382 678 114 2 629 760 364 388 757 568 331 921 703 620 590 375 917 888 377 673 475 598 254 269 860 238 262 424 123 142 60 894 345 444 658 732 501 129 661 800 819 310 682 837 840 596 850 648 733 728 512 596 295
107 73 312 993 999 961 141 690 861 993 277 921 401 437 360 979 298 465 521 339 516 688 897 504 681 532 339 774 744 127 169 285 97 53 602 588 755 223 29 891 126 604 236 712 418 455 567 174 682 242 306 21 387 508 173 59 54 829 290 444 744 523 856 237 587 500 541 218 634 98
823 588 888 981 749 525 493 541 802 204 400 153 851 257 338 418 437 901 486 649 842 111 763 129 624 144 694 151 91 756 193 460 425 32 432 710 987 413 649 734 662 102 305 100 206 338 359 301 431 171 441 338 591 592 133 372 111 235 425 934 203 224 515 724 34 833 310 882 378 154
477 79 840 920 519 537 823 267 414 583 714 104 920 457 751 748 274 433 324 418 519 833 211 821 861 132 424 574 465 977 681 569 620 214 539 843 704 22 587 127 126 836 221 670 294 260 524 733 840 517 800 602 998 378 703 566 37 677 269 135 789 520 621 220 279 902 316 299 707 480 549 690 639 668 270 217 646 944 873 431 525 948 111 325 840 37 700 320 111 985 427 119 34 434 620 320 992 851 980 698 303 332 729 772 824 157 751 651 566 108 900 494 235 884 255 771 771 308 762 946 141 31 695 995 374 45 650 496 956 871 858 476 644 418 222 541 953 173 270 771 860 984 359 332 632 583 188 636 950 146 936 187 25 141 673 296 841 27 567 952 101 692 990 70 585 144 267 675 409 192 936 48 115 11 891 158 829 625 657 724 417 803 386 495 503 862 472 412 725 597 736 110 527 716 751 593 537 637 685 173 630 433 76 350 73 311 37 209 716 783 158 507 655 113 537 231 34 284 900 445 842 512 619 709 40 313 472 330 633 763 128 313 394 250 773 65 379 962 312 865 535 482 713 100 816 912 896 625 782 131 425 964 176 390 324 838 610 540 797 828 882 659 456 595 719 555 157 107 719 194 462 33 478 670 45 26 826 750 935 128 863 304 961 990 408 12 399 766 112 189 598 864 762 202 201 338 176 752 713 901 810 21 969 561 110 667 305 853 534 594 460 877 20 979 10 635 661 888 836 911 936 584 325 56 806 3 965 981 371 740 820 99 973 832 414 939 813 159 181 556 691 399 426 782 570 167 203 735 504 898 171 157 437 78 896 418 829 484 475 753 806 619 864 959 968 647 731 387 302 707 482 342 590 672 738 550 895 461 550 481 373 291 787 536 486 85 996 391 34 492 377 328 604 719 877 100 375 202 146 87 466 291 535 534 683 920 821 167 989 686 854 319 112 918 339 256 22 808 932 405 141 840 427 781 436 866 398 601 577 863 485 90 150 69 967 812 603 580 706 53 918 475 834 805 336 365 336 607 362 47 306 67 531 542 704 424 796 356 524 787 142 861 155 90 233 914 233 160 389 3 553 580 122 696 204 296 344 10 661 321 551 294 350 122 794 637 863 502 700 450 825 70 380 411 231 903 150 970 620 141 54 41 286 442 322 198 205 212 686 371 388 874 121 931 580 209 676 312 974 197 619 317 395 529 54 606 883 281 229 94 992 496 312 817 385 899 481 907 276 242 845 910 191 758 382 63 24 273 159 844 476 614 620 233 417 199 935 888 44 90 523 632 678 480 39 600 468 463 565 758 100 477 502 455 93 11 713 618 448 520 227 128 413 69 759 460 718 60 596 307 901 401 33 825 958 734 801 175 724 390 4 987 859 444 492 20 753 561 652 493 133 842 591 377 988 451 136 18 829 846 597 390 362 508 200 639 694 154 350 214 575 178 191 926 446 19 46 902 155 473 46 631 13 307 164 940 767 223 732 698 952 991 926 392 824 281 350 21 956 90 238 578 875 988 339 17 351 435 686 115 822 767 737 73 585 427 821 388 17 929 362 60 841 500 672 673 529 960 159 965 835 748 51 398 231 479 110 401 992 418 408 544 30 345 785 577 149 741 661 724 860 960 718 906 418 746 378 504 95 535 968 832 946 868 148 8 39 71 967 613 676 285 317 618 194 432 853 766 388 733 49 660 163 912 404 364 112 620 465 550 330 488 766 134 136 850 975 434 223 937 532 943 456 686 383 244 865 710 482 949 986 162 461 653 1000 308 203 322 808 950 173 594 225 459 743 345 171 724 231 543 679 944 426 277 363 633 4 325 324 766 773 791 323 540 941 62 442 777 905 495 384 25 248 767 152 767 146 723 621 288 891 97 83 962 966 665 656 849 600 107 881 435 627 93 313 570 998 638 415 508 690 658 653 243 938 129 389 501 926 458 790 641 241 811 855 770 870 615 464 163 313 268 324 135 66 302 831 684 358 108 963 899 291 980 10 318 407 805 817 510 903 837 916 268 6 372 399 739 327 540 201 563 883 946 238 696 566 924 505 381 154 796 489 218 152 781 993 526 20 51 436 450 408 770 352 273 170 861 851 307 562 296 81 874 836 710 396 933 567 747 245 810 732 511 534 605 223 597 712 590 2 156 540 70 699 871 912 411 393 251 975 345 140 13 106 39 641 756 576 291 410 273 530 640 837 533 60 901 752 816 599 783 297 843 944 535 350 987 697 774 54 929 144 996 380 756 438 488 86 510 325 728 168 933 244 870 902 981 650 245 529 624 10 18 580 282 287 181 129 886 47 260 882 107 522 295 665 486 83 445 823 352 307 423 607 55 932 541 340 220 87 305 560 711 586 385 146 751 725 573 418 658 619 821 445 509 414 32 58 702 390 772 413 891 552 74 988 445 942 872 655 743 96 834 237 655 576 176 862 835 176 439 587 638 975 689 836 473 279 719 296 777 900 525 496 42 511 136 340 292 130 837 332 656 947 647 717 771 659 773 635 348 400 60 889 567 147 559 964 754 954 860 350 525 851 64 903 614 859 224 627 758 955 795 284 338 503 80 498 309 694 306 324 415 303 292 872 955 397 956 694 567 374 396 497 356 235 755 600 71 370 392 398 402 775 339 567 98 743 830 438 318 560 922 757 225 453 780 883 49 295 1000 24 338 796 599 990 924 506 423 699 250 662 212 994 932 730 434 754 427 704 874 565 571 422 530 609 283 505 775 350 871 420 329 597 585 162 76 614 678 548 5 147 947 780 812 872 419 852 310 950 821 91 438 21 860 457 426 210 369 339 293 821 790 332 188 199 419 119 745 754 868 166 241 910 974 103 11 793 622 561 371 881 750 709 816 399 886 780 794 168 308 580 51 10 56 165 758 838 716 514 664 656 992 37 176 373 477 219 135 34 821 407 358 898 952 825 169 609 187 438 510 135 847 458 89 601 494 379 383 667 603 246 331 265 857 982 550 310 685 158 880 77 70 653 532 290 918 318 660 540 540 497 850 330 545 834 775 141 751 489 672 481 13 465 835 160 815 783 254 477 545 487 478 403 990 33 524 251 974 738 298 49 860 2 239 384 816 256 369 178 604 135 942 324 827 687 918 368 905 260 40 198 292 125 316 856 346 317 776 36 917 352 51 342 639 747 218 850 173 750 158 297 218 74 19 674 266 590 921 992 301 240 619 594 246 432 588 453 149 592 328 744 112 730 349 522 116 811 569 654 879 330 60 384 595 800 649 510 904 120 515 442 668 71 317 543 977 959 230 360 783 593 193 118 989 604 135 733 945 105 654 111 124 794 981 678 934 318 800 929 782 367 479 302 959 624 609 253 803 143 149 188 516 661 856 927 74 278 523 39 305 147 730 560 642 133 847 177 318 258 211 692 890 928 741 113 560 242 155 515 737 301 121 280 29 667 505 385 992 274 923 681 22 136 551 18 995 707 805 594 911 839 660 603 62 909 901 45 475 911 295 27 856 204 52 37 762 452 407 285 121 478 252 103 473 193 932 289 18 267 794 826 706 119 875 373 537 307 414 123 470 59 640 283 520 798 957 416 621 405 568 55 762 33 548 267 226 972 334 411 124 68 494 702 572 312 645 114 138 572 714 469 880 332 203 198 738 730 805 999 203 806 9 196 4 129 724 794 29 593 379 586 789 926 4 71 724 876 612 356 497 118 710 461 373 169 729 885 671 678 168 245 308 637 894 470 419 538 833 707 49 156 741 154 442 214 630 769 499 850 400 407 521 209 883 943 438 718 778 381 512 168 484 555 641 309 574 66 756 542 95 394 627 847 110 938 195 893 299 914 434 760 913 329 303 465 852 342 531 702 956 635 323 198 364 37 324 413 817 986 818 511 62 818 513 799 817 519 411 148 589 352 799 332 728 956 226 29 650 690 661 265 77 858 299 766 101 448 48 877 533 94 103 735 179 527 25 250 751 90 618 793 291 907 932 789 61 761 434 435 625 254 163 642 656 507 896 553 277 960 672 462 594 963 891 502 4 779 254 771 455 648 135 849 178 235 380 893 644 881 733 662 8 891 684 657 943 808 835 474 918 995 73 735 403 318 413 44 213 186 491 826 913 972 938 543 904 996 435 916 711 646 482 274 640 324 912 735 684 397 343 722 652 607 742 421 588 744 915 865 228 338 257 317 5 624 344 815 488 992 254 571 249 948 33 854 723 586 195 655 332 669 595 190 87 231 260 436 489 386 474 966 679 735 568 224 46 500 837 284 73 815 96 609 219 927 481 897 193 1 340 968 927 414 507 276 886 492 666 73 503 189 812 242 833 976 362 683 518 428 385 788 934 957 33 936 839 736 37 970 977 552 814 319 66 933 786 750 119 237 606 129 581 722 331 257 116 842 850 769 511 500 220 171 306 793 209 121 310 441 907 734 956 637 363 823 302 37 159 830 288 941 819 315 318 99 703 837 1 860 496 8 598 767 314 752 508 855 199 35 809 232 594 511 764 893 284 224 636 703 786 546 183 306 369 983 779 936 156 435 178 453 279 98 786 674 199 775 742
