828
21.2745 0
1.15744 0
29.8556 0
10.6684 0
39.6933 0
15.7103 0
31.6429 0
26.6947 0
36.312 0
30.1392 0
48.3701 0
45.9134 0
21.3809 0
4.01927 0
41.4288 0
37.4834 0
3.75215 0
47.6182 0
21.0133 0
23.0604 0
23.9757 0
7.71883 0
33.7097 0
21.6633 0
48.1606 0
45.5534 0
17.6144 0
8.47904 0
11.7105 0
48.9966 0
39.1189 0
32.985 0
0.154067 0
18.9745 0
43.6534 0
39.8474 0
34.6848 0
25.2964 0
16.5421 0
20.9968 0
5.43555 0
14.9122 0
16.9102 0
26.8164 0
18.9315 0
8.33899 0
14.2998 0
22.6836 0
5.95715 0
35.313 0
45.7441 0
29.9329 0
43.0319 0
29.4537 0
1.59622 0
41.1925 0
25.0071 0
19.2106 0
49.6715 0
36.7176 0
18.2073 0
38.7904 0
19.7025 0
18.3613 0
7.76494 0
13.356 0
8.20868 0
42.4497 0
38.6523 0
24.7508 0
13.4465 0
44.0879 0
39.663 0
30.3567 0
20.9043 0
8.59448 0
38.6957 0
35.2041 0
31.2781 0
44.6528 0
20.5171 0
27.0222 0
24.5857 0
13.549 0
6.47593 0
26.1819 0
4.74143 0
31.483 0
45.3926 0
4.41293 0
18.2006 0
13.5998 0
43.2034 0
37.9031 0
31.9612 0
0.968305 0
1.25911 0
40.1698 0
43.418 0
39.9114 0
14.9206 0
6.86456 0
33.9993 0
4.58361 0
37.2213 0
4.90363 0
13.1781 0
25.9169 0
40.1077 0
44.4562 0
20.5698 0
10.6248 0
21.4784 0
45.1555 0
24.1737 0
27.9543 0
21.3374 0
28.9152 0
9.43735 0
16.73 0
33.3281 0
27.6379 0
30.3298 0
26.5315 0
15.5411 0
12.291 0
27.4998 0
16.8002 0
2.46084 0
20.9178 0
6.71161 0
17.3815 0
27.7824 0
40.7109 0
21.9651 0
15.0036 0
45.6146 0
35.1432 0
40.9206 0
35.7223 0
29.5994 0
11.4903 0
46.347 0
1.07774 0
6.64583 0
20.5208 0
29.0321 0
27.9833 0
49.436 0
38.4694 0
44.7133 0
32.7641 0
16.1073 0
25.0431 0
9.29556 0
31.6484 0
37.3341 0
36.7953 0
48.4486 0
39.7949 0
7.71318 0
5.16018 0
7.1764 0
35.4956 0
45.8711 0
29.1415 0
0.499209 0
41.4857 0
14.2846 0
41.4198 0
27.208 0
43.884 0
2.91013 0
23.555 0
44.9617 0
9.55595 0
44.0758 0
23.9938 0
37.5392 0
43.5117 0
12.4632 0
32.2525 0
26.2758 0
28.5705 0
7.29555 0
35.5714 0
10.2189 0
44.6296 0
22.3667 0
8.66749 0
34.4246 0
30.0799 0
13.8277 0
41.601 0
15.5755 0
9.6988 0
20.7424 0
16.0747 0
1.1845 0
35.0271 0
7.49445 0
28.3925 0
28.911 0
10.4046 0
1.94745 0
23.8727 0
19.9605 0
46.0232 0
47.8665 0
7.49974 0
39.535 0
10.3297 0
39.7522 0
15.8108 0
38.9002 0
47.0477 0
1.38216 0
49.1191 0
41.6774 0
23.7489 0
7.78662 0
26.102 0
3.82878 0
21.6143 0
17.7029 0
19.4042 0
31.3131 0
38.4454 0
35.4789 0
32.4976 0
23.4724 0
42.9734 0
10.8901 0
2.38346 0
3.37795 0
12.8375 0
26.2562 0
23.3385 0
8.86075 0
24.1227 0
30.8382 0
48.3957 0
34.4524 0
20.5904 0
14.2065 0
23.3526 0
17.6382 0
15.5887 0
22.4717 0
9.31555 0
39.3376 0
30.2583 0
35.4175 0
43.1663 0
1.87263 0
3.12047 0
12.5706 0
33.1857 0
41.5659 0
48.0495 0
15.6833 0
15.0383 0
41.0228 0
26.5734 0
17.4218 0
44.4008 0
39.4109 0
43.678 0
17.7393 0
48.2717 0
17.8007 0
48.5775 0
46.6674 0
2.25304 0
19.1679 0
10.8739 0
25.6056 0
36.8061 0
26.4626 0
48.0773 0
46.1216 0
15.8001 0
28.3357 0
31.5391 0
8.96646 0
30.2083 0
34.6596 0
21.537 0
13.3941 0
26.2254 0
19.5865 0
29.0774 0
41.2637 0
10.6094 0
5.65079 0
8.68549 0
5.01016 0
45.0617 0
2.36345 0
22.7494 0
43.3334 0
20.1641 0
21.3269 0
40.0008 0
22.4171 0
40.4948 0
0.874663 0
48.0228 0
27.3009 0
27.3372 0
46.1001 0
23.4225 0
43.1374 0
24.4358 0
4.96158 0
2.10382 0
4.64413 0
39.6212 0
23.6409 0
18.0382 0
15.8466 0
43.2274 0
47.1156 0
7.11034 0
3.83674 0
2.76637 0
15.7958 0
8.8469 0
47.8281 0
18.1593 0
31.5963 0
41.1615 0
38.3234 0
2.92325 0
31.1622 0
10.7405 0
43.4181 0
32.0369 0
8.7633 0
20.7189 0
9.37413 0
4.86342 0
44.1414 0
2.51149 0
29.2992 0
49.103 0
4.61531 0
33.9434 0
38.7241 0
28.2562 0
1.98154 0
4.57075 0
21.4835 0
49.0971 0
11.6811 0
25.3203 0
1.8635 0
27.4769 0
34.1672 0
49.6916 0
45.6362 0
15.7635 0
40.8531 0
33.9596 0
18.6868 0
22.0153 0
44.7001 0
12.1048 0
4.05218 0
3.4634 0
32.8238 0
13.4263 0
8.32682 0
26.9652 0
15.9378 0
37.626 0
26.0682 0
20.5531 0
21.5694 0
14.7923 0
48.8093 0
23.5509 0
19.3631 0
20.2928 0
22.6481 0
31.0441 0
45.6131 0
24.5116 0
8.52106 0
29.7803 0
24.2032 0
4.15726 0
45.5438 0
15.0562 0
38.1168 0
14.2306 0
37.0715 0
32.8169 0
26.3354 0
41.1237 0
36.2804 0
9.15918 0
4.54999 0
44.6072 0
36.1244 0
20.4878 0
32.2332 0
12.1925 0
41.0409 0
3.80263 0
26.9848 0
39.8502 0
27.3536 0
46.3479 0
10.143 0
0.001648 0
27.392 0
5.75607 0
24.5132 0
35.9131 0
35.5363 0
48.7164 0
40.0703 0
31.0801 0
13.7726 0
28.1872 0
45.3107 0
0.844085 0
11.0041 0
21.6461 0
41.9678 0
47.2845 0
30.8053 0
46.5177 0
41.8917 0
16.9296 0
17.0055 0
24.1249 0
29.1222 0
8.04642 0
27.9275 0
6.10698 0
47.8966 0
5.28108 0
2.45486 0
8.03957 0
5.28273 0
29.8469 0
13.7956 0
29.7959 0
15.76 0
49.332 0
28.5123 0
5.8303 0
30.4121 0
42.2849 0
34.0175 0
25.7228 0
43.129 0
45.0216 0
47.369 0
35.0968 0
42.3061 0
28.1742 0
31.6145 0
34.1978 0
45.1039 0
48.62 0
8.32263 0
24.2261 0
6.66647 0
36.2501 0
30.333 0
4.56306 0
41.5312 0
32.7879 0
12.6026 0
46.8139 0
12.6348 0
26.3983 0
26.6099 0
28.3947 0
25.7303 0
5.12222 0
34.225 0
6.1424 0
47.4071 0
18.2425 0
31.8652 0
40.5361 0
13.2641 0
29.2342 0
25.6329 0
5.57021 0
7.40845 0
7.24742 0
39.768 0
2.51235 0
5.86747 0
48.0906 0
26.7384 0
12.5339 0
34.3407 0
7.07145 0
17.097 0
25.8719 0
39.8593 0
29.6996 0
22.6859 0
2.49412 0
6.09789 0
49.2958 0
30.8889 0
31.8282 0
4.41801 0
15.1139 0
37.9706 0
1.82515 0
33.3564 0
19.8358 0
42.3613 0
46.6205 0
49.07 0
17.9942 0
2.19073 0
6.47846 0
25.2416 0
41.9587 0
8.99081 0
31.1091 0
40.0493 0
35.7292 0
43.643 0
24.39 0
42.8007 0
10.74 0
0.261971 0
32.66 0
40.4396 0
22.9479 0
35.1541 0
46.5375 0
22.2437 0
16.043 0
28.3657 0
26.6617 0
31.1569 0
16.3362 0
28.4868 0
14.5133 0
36.172 0
20.8481 0
11.1338 0
35.2421 0
38.8423 0
13.3245 0
41.7205 0
14.084 0
5.28322 0
0.711316 0
45.1931 0
45.3325 0
36.4405 0
38.8361 0
19.7225 0
29.2412 0
49.5761 0
19.9845 0
11.9012 0
40.0158 0
42.9324 0
47.0553 0
36.5533 0
15.176 0
13.0983 0
14.919 0
41.8377 0
44.2552 0
31.2553 0
20.3245 0
8.76844 0
17.4273 0
41.1726 0
19.9022 0
2.66936 0
30.015 0
33.2268 0
44.3899 0
44.0989 0
38.51 0
45.1012 0
39.292 0
33.8425 0
31.5417 0
28.1281 0
3.56503 0
10.7829 0
27.7042 0
23.5495 0
22.6841 0
17.72 0
16.4819 0
19.7394 0
4.27333 0
31.6579 0
32.8377 0
19.1923 0
23.4956 0
27.0929 0
0.4476 0
43.8201 0
35.8613 0
17.8749 0
34.9928 0
5.76355 0
20.5443 0
15.0077 0
38.9903 0
14.9341 0
9.10666 0
27.5003 0
10.0353 0
48.3987 0
11.3428 0
41.577 0
26.5267 0
14.9078 0
2.35993 0
4.23098 0
38.4574 0
25.044 0
21.951 0
4.93929 0
44.7834 0
26.2243 0
36.5972 0
27.6211 0
45.4167 0
10.0929 0
4.71401 0
45.8643 0
3.91301 0
40.5753 0
13.7392 0
38.9058 0
46.3389 0
34.2834 0
3.91351 0
35.3292 0
49.2176 0
13.0202 0
12.8295 0
9.25288 0
11.4188 0
24.1723 0
0.829906 0
37.9456 0
39.0801 0
3.18983 0
42.1765 0
27.5375 0
28.2339 0
14.1275 0
32.4768 0
23.0173 0
40.3519 0
19.074 0
0.638417 0
35.7685 0
29.1669 0
5.35243 0
31.6328 0
33.0799 0
45.9278 0
45.3719 0
21.9857 0
42.2666 0
29.6554 0
25.8992 0
27.5958 0
28.8729 0
38.9193 0
40.4253 0
38.1258 0
0.338151 0
14.5976 0
38.9557 0
38.2837 0
3.67768 0
42.1456 0
30.4603 0
31.2152 0
20.3794 0
44.5878 0
13.6919 0
43.3967 0
34.9397 0
32.7659 0
44.0351 0
20.7082 0
11.9328 0
49.3875 0
2.34096 0
45.0127 0
45.3153 0
47.7129 0
16.9983 0
37.5819 0
27.3683 0
42.8975 0
15.1777 0
6.24122 0
31.8168 0
5.60303 0
44.367 0
32.155 0
20.2006 0
33.3228 0
20.4387 0
23.8783 0
25.4683 0
0.898959 0
5.09345 0
45.8477 0
45.4868 0
18.7854 0
39.2444 0
30.4264 0
1.55132 0
33.2795 0
1.13462 0
13.4841 0
32.6671 0
3.47558 0
8.49679 0
27.9824 0
1.18849 0
25.4951 0
15.5643 0
28.5568 0
18.3926 0
30.742 0
34.798 0
0.209424 0
36.345 0
29.165 0
32.3644 0
6.54565 0
12.4878 0
2.80308 0
30.4239 0
37.9561 0
3.70204 0
35.5174 0
33.8039 0
49.1888 0
4.30278 0
23.0483 0
29.6152 0
5.8541 0
6.32784 0
30.7499 0
19.3382 0
38.9949 0
34.2254 0
27.835 0
16.9773 0
35.4139 0
3.33013 0
32.5416 0
13.9707 0
21.7227 0
13.2836 0
48.7687 0
21.9322 0
49.6286 0
27.9337 0
4.29655 0
6.1743 0
40.4216 0
7.09963 0
36.5982 0
28.3777 0
10.8017 0
22.1156 0
12.1816 0
9.99049 0
26.4184 0
35.2299 0
39.6057 0
32.2725 0
41.5577 0
20.3556 0
1.61073 0
30.5526 0
4.58103 0
29.4457 0
47.5299 0
39.995 0
32.7759 0
30.0715 0
3.96567 0
4.4986 0
43.3551 0
2.73438 0
26.4308 0
42.9838 0
30.6681 0
30.7273 0
49.1581 0
21.0897 0
37.8269 0
35.7563 0
49.4674 0
48.6286 0
7.87193 0
11.6489 0
8.6191 0
34.2903 0
46.8788 0
48.2248 0
16.5628 0
38.4365 0
18.5804 0
18.1736 0
18.9891 0
23.1615 0
47.6193 0
