19 90
66 300 120 160 82 210 16 148 336 98 164 4 356 156 310 308 340 358
3 14 850
7 9 84
5 7 149
1 5 328
15 19 660
11 13 87
13 17 568
4 10 480
15 19 661
7 15 644
8 16 789
2 11 737
12 16 416
9 16 714
2 6 336
2 8 449
7 13 387
4 5 84
7 10 255
10 17 702
3 4 62
6 9 192
6 11 409
14 16 238
5 15 787
4 14 789
16 19 507
10 13 137
1 4 248
4 9 313
5 11 449
12 14 185
2 6 333
9 17 868
10 14 313
7 12 385
16 19 505
2 8 446
1 3 186
13 19 918
16 18 327
5 11 448
7 11 302
8 9 79
5 15 788
9 13 306
2 8 449
3 8 299
2 9 521
1 11 771
9 11 222
1 2 36
1 4 245
3 9 373
4 7 228
10 16 547
5 12 529
2 5 294
8 10 245
2 3 152
15 19 662
10 16 548
3 5 145
16 17 156
9 11 219
10 16 547
14 19 740
7 10 252
11 18 824
15 18 484
17 19 354
5 6 46
11 17 652
3 5 142
7 9 87
3 11 587
9 16 717
1 7 471
13 17 568
2 6 334
10 11 54
7 15 644
17 18 173
5 7 149
3 6 186
5 8 156
8 12 376
7 15 643
7 8 11
8 12 378
