20 100
244 94 328 164 222 286 270 342 2 208 396 172 104 306 184 288 154 244 80
12 13 89
15 18 318
3 10 809
14 18 470
2 5 301
3 10 811
18 20 167
13 17 446
12 20 772
15 18 317
8 13 563
9 14 449
12 15 293
9 16 692
1 5 421
9 10 6
6 7 146
7 16 999
12 19 733
10 13 395
6 13 845
13 16 299
11 19 930
16 20 390
14 16 249
11 15 497
16 19 349
8 11 284
11 20 971
4 11 754
13 15 207
11 16 587
9 13 392
10 13 391
15 20 478
17 19 203
14 20 636
4 5 87
2 7 549
10 14 446
8 16 860
8 16 860
11 18 806
15 20 477
11 20 972
9 14 446
9 14 446
11 20 972
14 16 250
3 7 507
1 2 127
11 18 805
10 15 596
11 20 968
6 11 558
2 8 685
14 20 634
2 9 858
2 5 295
1 8 806
9 17 833
3 5 253
7 13 698
9 14 446
2 11 966
6 14 892
8 16 865
9 16 692
13 14 56
18 20 167
11 15 493
2 3 54
10 16 693
10 16 691
14 19 594
11 14 344
13 16 301
10 13 396
8 11 284
10 13 394
2 7 550
3 8 638
6 8 283
16 19 345
1 9 982
2 11 961
6 9 454
19 20 43
13 16 301
3 8 639
14 15 160
19 20 44
4 11 750
11 12 206
3 9 811
11 16 587
10 13 390
4 9 647
12 15 299
9 12 308
