18 80
90 50 36 72 32 62 26 16 96 62 54 50 8 20 54 42 74
12 18 135
8 13 151
9 13 136
15 17 61
6 18 293
14 17 62
11 13 57
1 15 341
7 13 154
3 9 134
6 10 107
15 18 87
8 16 184
1 11 280
17 18 44
8 17 212
6 12 164
1 8 196
2 9 161
2 8 146
11 16 106
1 9 199
11 12 35
1 17 393
10 15 109
4 16 281
10 18 194
6 7 44
5 13 209
8 10 66
10 12 64
5 17 265
3 18 364
9 18 233
6 15 200
4 6 66
15 18 97
3 8 128
8 12 119
1 3 80
16 18 61
3 5 60
10 15 101
9 17 206
9 14 140
5 17 275
3 18 364
6 12 166
11 12 30
9 18 243
5 12 187
10 17 158
7 13 158
7 17 227
1 5 136
1 3 81
3 7 107
3 4 23
4 18 342
6 16 233
4 11 192
10 14 100
3 18 354
4 15 263
5 14 208
9 17 204
9 15 148
15 18 89
7 8 19
1 14 339
2 9 153
14 18 105
3 17 323
5 6 19
5 8 63
11 12 33
6 11 139
2 14 295
1 3 73
1 17 390
