100 10000
250 322 434 29 341 443 38 264 364 242 372 592 348 318 124 57 637 118 334 907 125 336 489 732 390 852 73 356 164 14 554 352 399 793 319 205 110 320 329 67 291 256 26 698 108 503 518 283 159 258 377 391 591 234 275 28 369 510 95 45 146 36 877 231 70 757 41 216 782 229 220 325 301 409 377 976 390 468 112 728 492 199 129 76 7 132 94 181 210 744 490 3 97 207 199 459 430 348 322 278
2 672 80 245 393 444 425 775 366 99 382 2 383 37 36 76 816 896 371 161 667 458 589 367 52 605 881 237 179 137 216 386 438 804 21 239 105 179 374 19 27 340 239 228 74 378 255 870 265 148 388 162 329 283 89 367 25 369 322 464 52 11 375 146 398 159 185 766 890 101 903 304 308 373 29 226 363 150 80 265 304 206 368 144 92 741 77 25 43 245 224 732 27 130 386 226 381 441 465 113
70 58 643 66 29 45 683 946 200 359 73 271 383 114 227 321 209 9 61 444 325 638 844 767 407 488 24 898 527 478 485 680 497 905 236 332 574 47 116 272 338 660 823 249 353 438 186 261 865 306 607 155 139 912 845 71 946 57 308 405 82 605 9 284 491 288 92 448 21 130 46 65 865 366 254 56 792 244 101 32 460 651 260 63 209 312 320 82 303 390 469 954 269 10 116 172 386 102 427 218
12 869 371 479 331 186 176 428 138 212 247 110 405 234 910 251 418 154 146 248 672 335 265 133 61 43 698 414 402 107 409 213 424 430 319 180 707 273 986 475 560 495 416 138 311 55 312 248 410 608 249 516 193 477 35 169 437 434 351 78 103 156 484 308 415 335 228 336 603 201 157 653 297 382 463 321 278 248 345 353 730 14 461 215 310 60 330 101 418 140 458 56 810 148 239 109 175 840 884 909
54 864 75 882 131 601 485 226 831 181 13 406 169 325 471 452 492 425 104 175 431 801 338 96 341 386 395 270 472 431 486 133 134 382 302 300 413 118 714 295 442 684 8 386 447 179 388 922 183 497 838 211 737 223 219 188 285 291 26 77 303 248 227 395 899 364 451 712 96 452 185 25 303 11 397 848 773 126 242 238 234 582 436 899 269 408 142 363 333 654 446 16 261 86 21 143 321 68 889 269
81 130 752 498 579 166 586 639 386 382 61 318 354 473 103 232 207 92 917 334 801 491 45 792 122 143 110 333 278 149 221 194 499 171 82 8 68 263 866 162 144 177 980 167 337 62 370 149 17 888 568 223 358 145 172 401 294 920 307 135 460 568 134 209 304 803 150 413 363 489 21 189 44 408 272 269 156 914 368 309 215 277 234 223 303 750 142 289 462 76 828 428 489 708 251 266 147 405 206 807
146 43 140 237 255 362 139 874 910 741 319 730 130 153 402 420 117 921 418 493 83 260 62 700 233 461 391 531 391 73 348 71 405 281 318 291 651 158 420 256 379 276 768 831 313 175 356 307 376 318 371 776 364 439 245 984 599 345 50 301 197 697 333 247 179 2 462 162 395 229 85 55 387 152 495 99 349 577 498 353 277 170 164 909 345 43 668 545 489 227 210 393 983 477 86 393 256 192 274 48
454 50 976 108 177 373 96 317 6 104 178 25 218 256 59 217 379 68 560 409 366 383 103 405 305 162 93 619 442 98 289 283 14 106 296 489 240 401 313 58 329 381 26 444 406 270 295 453 104 367 337 217 381 413 222 57 797 351 874 401 58 581 375 464 383 34 43 450 369 109 10 421 66 429 433 294 494 177 339 149 30 498 111 255 182 197 485 750 448 233 178 158 162 313 140 308 413 140 668 88
898 123 861 705 452 512 605 383 80 261 483 417 344 227 202 383 4 200 402 138 190 438 363 432 455 958 147 476 408 388 803 131 494 686 384 52 694 593 417 219 386 187 393 485 340 775 343 486 80 98 34 19 472 279 187 419 322 40 410 271 453 778 110 438 122 147 181 410 405 80 464 117 439 307 30 168 926 286 759 179 121 464 549 243 117 437 93 203 135 54 667 210 265 32 451 336 242 289 43 256
682 839 561 97 367 27 184 132 51 249 742 851 94 550 849 12 17 466 63 160 237 404 791 325 419 188 267 391 532 426 354 581 210 250 470 248 484 286 176 176 587 486 217 337 172 228 425 423 494 240 417 368 62 376 928 334 63 54 816 252 411 93 247 446 292 296 336 892 85 402 22 240 922 718 206 230 267 312 431 6 348 321 276 496 217 418 403 202 210 83 368 167 294 243 160 830 122 190 282 393
11 11 469 165 243 319 198 819 497 421 316 121 145 133 410 280 94 283 438 393 347 450 222 925 367 60 306 176 417 62 239 346 441 87 102 380 306 102 114 718 15 618 217 126 155 10 79 36 361 438 114 967 414 175 288 481 338 284 158 617 326 153 129 978 440 229 782 184 474 245 143 304 185 998 292 386 62 441 422 212 261 59 15 468 440 302 263 180 825 120 330 13 445 306 484 376 253 754 364 442
425 272 232 336 968 18 291 962 350 776 391 264 192 44 161 522 33 834 200 175 217 245 137 186 421 428 185 278 390 451 372 22 57 499 69 497 399 904 954 226 261 254 208 255 52 181 499 9 453 253 253 224 215 119 404 462 315 851 67 824 51 224 68 312 595 443 387 825 735 212 119 12 524 413 226 26 317 637 716 88 154 818 745 139 178 315 372 295 902 16 44 845 27 434 338 153 333 146 37 532
499 637 173 483 14 707 482 520 469 443 813 247 150 246 342 409 479 339 857 263 214 516 314 85 90 4 364 449 297 28 490 987 469 245 374 216 702 216 304 182 405 179 60 324 238 270 30 134 477 321 953 186 615 251 193 994 341 813 995 190 252 437 64 844 167 156 197 446 336 14 255 429 191 102 272 804 57 669 437 261 902 258 442 520 58 482 386 835 850 545 310 280 266 492 474 81 333 327 231 298
178 229 604 25 23 483 349 351 287 550 73 49 910 142 217 432 452 500 99 72 25 60 462 50 848 287 365 244 86 342 382 704 263 91 724 116 447 213 304 244 478 226 616 702 43 401 457 95 444 119 44 761 43 475 97 391 7 64 457 285 341 366 994 484 590 446 370 183 286 551 851 20 787 191 350 985 462 198 166 52 660 457 74 129 150 164 372 12 493 397 180 644 392 570 195 88 62 558 592 98
15 288 258 189 61 784 600 141 223 397 471 545 191 341 181 12 294 476 391 490 242 79 84 841 328 865 547 821 173 379 981 496 164 454 28 147 468 335 309 530 394 802 701 80 106 216 183 405 113 422 346 541 218 924 458 869 941 435 83 49 85 390 340 629 250 35 800 923 381 330 290 236 234 321 307 364 377 467 304 356 371 641 82 826 217 80 647 490 114 663 951 120 476 58 354 465 161 823 4 327
87 276 278 524 178 448 233 362 217 459 163 293 492 65 326 889 364 27 232 166 469 58 66 437 837 160 488 332 369 188 392 957 391 178 688 55 689 365 333 159 436 684 34 600 295 146 215 633 702 236 246 360 185 321 133 161 366 453 85 229 134 34 16 965 31 304 396 105 154 484 151 748 183 139 200 242 265 192 413 398 65 322 556 531 631 818 141 575 299 608 84 311 816 477 6 654 310 154 55 8
70 386 448 818 279 90 53 669 985 39 30 295 18 291 361 32 133 472 545 121 343 423 323 754 192 471 390 393 785 770 475 64 359 845 279 701 296 986 496 79 615 258 303 85 453 167 409 10 274 283 422 371 659 806 223 489 452 388 78 440 172 496 397 849 150 971 390 145 375 453 439 127 322 161 401 506 101 391 444 180 490 101 29 188 380 58 400 729 590 154 201 267 39 401 208 101 3 122 485 766
425 341 45 683 327 220 214 666 272 121 149 476 279 216 30 451 227 371 127 490 495 137 342 527 64 344 585 481 254 491 76 624 263 335 176 41 358 59 312 331 173 375 114 415 863 375 272 283 247 355 195 466 388 716 223 149 637 186 329 51 333 596 378 233 519 485 440 251 221 644 162 831 364 834 998 44 638 131 247 330 441 631 291 756 207 209 51 664 493 299 825 796 189 500 219 488 396 147 87 402
407 335 251 690 217 331 372 86 368 262 192 326 188 790 270 33 55 850 34 232 353 319 892 314 76 931 230 102 385 80 344 32 283 267 252 490 775 59 198 353 810 729 432 221 29 24 467 423 370 103 442 38 187 36 33 190 197 300 151 415 82 454 68 326 721 82 415 404 296 24 229 16 207 86 95 789 127 195 317 486 104 977 210 10 423 255 393 195 166 234 195 418 404 85 330 401 48 425 27 104
349 327 238 179 117 985 791 411 185 665 286 955 443 175 120 907 80 969 128 182 257 187 767 297 221 171 315 107 63 412 3 224 773 117 259 979 855 796 437 187 55 225 425 317 365 320 196 346 27 317 794 374 485 36 195 93 791 188 93 32 414 312 416 510 599 84 477 71 99 127 252 51 205 307 961 341 622 111 163 237 82 166 6 963 499 215 350 215 205 19 403 412 414 210 190 801 31 464 762 192
268 474 474 132 602 393 288 461 329 266 257 158 466 545 255 299 123 418 745 353 157 27 808 345 367 257 24 463 394 378 177 56 463 363 82 107 157 802 437 225 402 381 33 500 324 199 417 113 713 155 166 198 27 279 215 416 41 138 147 970 51 235 412 908 215 356 884 530 292 252 790 990 221 100 181 237 326 389 643 439 302 901 28 174 297 324 828 121 442 429 14 209 145 147 335 387 6 366 224 328
3 783 177 167 402 708 405 739 558 758 983 529 804 607 809 466 490 964 481 258 84 289 182 489 593 919 977 945 310 655 98 247 378 405 226 211 459 26 338 802 38 444 130 467 319 308 400 473 105 378 231 24 421 207 57 166 24 643 481 51 296 998 123 876 431 118 380 366 210 159 106 133 43 103 320 123 175 485 855 315 669 216 293 455 106 304 98 79 295 784 745 414 323 66 473 67 57 263 115 103
444 155 122 337 854 286 397 315 338 630 866 217 119 318 434 85 295 376 384 236 193 119 890 313 346 249 434 371 729 432 868 351 258 91 414 297 153 273 332 74 155 115 13 126 564 455 819 940 429 132 487 473 37 68 52 694 104 506 29 120 334 47 110 159 857 87 77 562 150 692 576 478 704 204 33 47 468 42 369 849 173 150 403 10 263 32 317 376 639 88 178 258 366 481 488 41 311 3 387 699
378 214 331 189 215 253 99 930 435 113 145 417 2 942 229 35 81 396 393 31 333 869 304 404 363 33 828 355 411 183 207 25 186 280 928 48 245 1 205 293 273 191 509 682 450 399 146 667 81 143 494 233 303 245 415 79 568 378 378 321 611 923 480 424 30 781 439 244 379 10 705 158 367 80 843 65 90 215 333 212 87 544 198 159 115 99 168 18 411 232 919 213 119 488 210 197 353 51 372 139
297 497 49 114 926 692 154 437 149 428 3 396 244 280 232 758 425 210 387 71 221 54 64 216 967 212 935 121 575 465 36 422 1000 30 179 692 557 208 334 146 248 79 678 444 131 735 38 806 431 29 216 26 932 217 137 389 571 158 373 508 408 133 382 250 842 48 451 39 213 92 41 164 438 524 656 405 265 116 618 319 269 267 869 18 157 577 68 402 434 285 431 849 286 208 34 108 57 859 141 873
199 437 221 196 5 23 172 169 319 247 435 456 219 436 65 19 476 70 10 165 347 141 403 19 61 16 57 250 44 771 410 411 214 422 175 155 209 479 115 915 462 312 212 631 102 366 659 17 29 147 108 443 437 560 476 28 480 263 234 374 364 193 355 414 531 16 188 347 71 579 192 525 156 217 370 416 894 3 155 475 639 862 116 96 851 496 189 326 58 344 189 475 449 262 815 256 12 380 766 446
733 70 55 18 86 914 503 309 86 122 92 83 264 582 248 197 171 25 24 971 5 428 229 881 35 268 413 162 248 617 364 239 493 217 403 5 210 864 384 12 188 345 26 385 257 174 216 131 173 149 950 448 19 409 13 95 436 117 56 579 88 421 341 167 480 216 399 229 903 34 661 374 154 438 449 243 15 503 523 132 347 428 561 304 449 33 333 14 291 803 403 37 387 451 301 328 719 980 502 102
167 482 252 475 378 332 285 136 94 155 159 195 75 313 113 59 667 496 364 453 86 50 116 55 90 180 246 162 151 157 458 581 288 984 36 409 213 484 63 471 763 980 734 11 469 433 341 361 602 152 66 174 414 689 189 3 167 278 992 211 29 115 469 204 490 283 111 81 395 296 141 6 981 19 650 359 478 283 137 129 139 457 28 75 931 754 339 860 757 267 173 946 438 262 355 670 41 142 153 262
320 309 356 652 364 953 881 4 601 108 44 448 996 903 247 252 319 258 200 135 846 342 382 494 415 352 534 4 420 104 258 60 406 171 993 377 831 204 182 292 92 472 496 166 257 248 255 211 20 239 138 186 121 870 283 63 218 964 65 91 363 215 470 86 814 272 768 380 181 808 309 159 80 207 417 99 163 512 63 129 597 80 184 210 76 904 274 326 238 45 289 390 16 272 142 125 487 230 393 57
428 71 154 220 894 397 238 328 238 772 871 68 973 16 284 406 489 118 354 581 460 496 81 490 379 204 309 558 114 266 456 89 58 108 662 244 275 36 149 120 564 326 188 979 487 472 334 167 287 373 486 275 145 485 427 213 162 297 480 861 319 384 94 249 219 796 407 320 692 255 368 139 445 195 190 112 997 349 77 465 236 240 275 106 255 442 172 97 153 200 126 474 613 161 475 366 853 295 481 90
104 23 914 297 460 126 38 115 965 267 348 96 161 382 106 302 326 319 59 401 362 38 657 486 155 931 50 569 414 848 276 302 465 637 393 192 717 221 439 367 362 458 320 229 301 448 215 167 149 436 432 417 346 317 83 822 298 177 490 773 222 240 106 89 817 49 837 392 443 377 67 467 328 980 79 486 243 169 327 96 200 727 247 262 582 182 449 508 18 329 402 332 615 585 220 131 382 158 865 463
133 235 99 157 849 415 239 353 853 152 383 257 920 444 490 199 89 439 480 219 609 227 402 172 249 264 275 283 9 385 183 74 24 25 70 388 75 440 388 635 414 184 113 930 104 128 71 373 946 453 458 378 472 272 447 200 914 186 117 273 624 198 197 49 481 870 312 571 251 62 861 105 450 111 481 144 757 795 119 21 67 875 372 737 326 400 796 496 68 621 20 33 379 338 478 497 576 399 47 732
184 481 259 15 119 113 939 472 97 330 520 38 368 56 313 381 403 135 856 30 699 40 221 613 24 126 127 640 363 34 168 194 445 455 234 427 33 458 452 249 657 112 659 318 477 71 606 46 396 286 379 482 389 385 929 942 697 753 56 124 333 14 311 192 320 471 493 370 293 236 12 224 360 80 224 385 610 468 409 374 366 456 130 39 154 437 30 294 996 207 299 840 493 297 5 317 742 585 438 468
145 313 536 493 41 431 103 236 32 148 238 381 713 272 844 238 576 26 120 429 402 6 226 250 442 382 336 361 275 346 270 81 163 486 456 158 741 824 175 486 245 445 122 95 328 468 267 16 169 444 965 356 845 121 851 301 95 371 365 166 88 311 39 840 109 145 79 333 238 367 373 285 280 481 39 434 172 307 80 47 279 38 263 294 220 145 446 359 75 310 130 65 245 305 50 25 974 114 135 456
141 836 859 342 277 459 661 217 181 985 249 290 211 295 650 390 182 803 93 27 122 20 24 333 312 494 425 171 717 20 994 418 388 305 148 479 418 809 44 33 296 177 364 374 969 440 304 228 259 64 62 301 938 94 426 94 120 416 328 278 308 250 202 176 817 384 354 138 496 229 843 248 126 336 887 157 650 377 75 75 374 224 214 6 62 497 473 361 49 150 287 159 888 214 169 92 179 96 834 415
71 419 330 147 456 282 208 375 799 150 890 212 366 325 22 38 209 261 36 153 281 891 463 479 192 72 685 844 189 283 173 58 49 400 204 304 777 383 974 749 104 116 293 429 377 425 483 528 850 280 275 102 492 414 296 852 123 16 214 49 20 217 440 499 20 412 418 90 445 43 373 960 397 472 278 566 185 118 179 213 305 264 229 376 188 828 31 413 327 448 80 37 322 268 384 694 519 871 971 172
485 467 35 89 96 274 158 249 415 16 422 301 446 470 424 300 13 72 787 34 320 818 260 403 376 369 352 815 337 158 969 260 407 149 235 12 138 277 404 415 227 150 232 159 299 483 166 135 476 950 114 512 88 255 5 462 369 936 713 75 459 463 805 452 450 291 286 631 256 418 336 376 319 373 33 433 318 113 169 108 304 206 461 882 428 906 333 147 95 621 343 35 805 279 2 770 272 331 284 140
214 265 17 439 411 566 93 250 281 646 26 63 18 18 426 399 814 179 15 102 85 338 335 11 314 880 160 483 119 800 112 487 180 67 490 930 484 671 688 954 31 999 314 366 407 79 266 443 157 377 124 386 699 706 288 322 125 849 272 335 313 619 90 189 384 246 142 223 376 567 245 979 625 161 314 306 312 155 427 216 45 343 205 1 98 852 322 300 436 497 946 216 731 313 227 451 17 209 496 258
285 474 981 362 696 435 218 379 527 289 407 120 337 430 33 649 344 395 93 145 291 20 426 688 929 240 336 958 309 95 310 26 720 666 196 492 120 198 202 415 438 217 519 224 103 822 119 779 850 660 728 314 509 257 269 947 46 694 439 202 434 288 102 495 193 283 337 519 104 152 380 268 38 285 253 919 434 233 66 459 434 813 183 150 963 331 162 436 159 74 465 226 435 56 307 44 261 183 78 432
399 303 407 459 155 774 336 215 201 154 1 606 484 243 395 567 198 86 216 389 329 724 497 32 436 81 478 499 324 227 364 315 486 216 679 899 160 765 327 443 377 119 728 294 527 317 351 397 98 21 905 296 117 700 229 527 98 108 444 396 408 136 104 271 669 912 124 329 832 78 37 905 284 129 460 99 508 344 181 905 15 234 338 375 338 431 135 555 291 10 443 506 544 279 352 462 374 196 275 15
240 303 963 994 370 423 154 356 981 393 104 445 906 277 201 362 99 155 239 184 73 766 476 343 220 8 220 466 197 355 318 378 459 55 820 237 57 438 163 146 463 540 202 160 297 281 880 91 135 439 432 436 438 493 457 375 287 773 708 685 277 12 196 373 510 385 96 17 157 317 298 211 552 999 748 150 735 275 473 284 363 419 192 268 334 514 340 218 415 688 470 74 428 408 263 134 338 216 356 987
185 186 102 17 121 799 284 231 191 347 587 107 13 67 295 138 185 648 633 288 235 296 298 275 128 75 69 671 574 389 719 254 65 957 551 160 215 316 450 67 499 772 122 767 245 421 332 486 990 204 390 387 461 2 18 115 298 192 243 131 468 117 218 832 264 323 356 449 497 75 48 434 977 224 374 409 825 208 302 435 95 250 24 471 4 732 142 46 665 84 29 18 463 313 554 944 332 317 267 229
34 69 852 78 132 35 275 260 336 269 56 243 467 82 626 135 621 206 376 18 376 91 498 68 473 59 56 66 401 522 58 392 408 354 25 197 470 490 945 846 220 360 410 274 438 17 246 492 275 885 307 583 462 222 290 6 347 30 334 25 354 27 219 217 595 187 453 107 251 100 379 238 292 288 513 81 368 417 231 319 969 925 954 412 981 245 541 444 235 435 230 425 243 195 52 355 302 425 257 147
448 450 438 434 542 366 150 206 354 355 278 491 17 43 42 251 226 289 384 107 687 372 141 64 145 23 463 998 409 826 24 831 509 149 944 192 431 270 737 308 58 400 250 471 332 343 221 339 236 215 179 164 480 314 329 670 330 253 394 119 30 294 148 214 44 671 172 233 18 143 743 243 143 141 128 254 54 430 314 538 748 205 292 161 58 364 546 226 454 385 84 224 248 356 329 785 933 184 810 347
515 14 180 252 562 350 341 450 843 138 335 508 326 261 227 345 760 296 318 403 268 408 355 174 329 221 536 105 327 426 250 17 135 400 4 108 848 385 356 918 126 151 224 491 661 303 108 199 1 377 521 274 699 457 387 378 428 143 411 66 712 497 263 194 963 161 310 463 331 220 380 236 322 477 624 45 356 352 117 337 906 320 88 4 848 174 561 213 134 312 74 797 319 181 792 253 103 2 207 271
554 228 3 15 774 477 247 270 129 219 214 159 70 211 446 128 56 192 268 2 621 242 745 85 77 357 234 310 45 15 314 740 346 309 44 69 63 293 89 608 70 210 170 481 616 877 295 106 258 260 230 343 273 81 990 603 293 662 116 592 166 467 432 591 219 488 406 472 71 55 235 118 62 174 477 484 378 74 145 421 4 334 372 179 86 377 117 363 281 134 3 373 289 471 131 82 4 445 97 449
171 269 112 944 477 251 157 104 197 496 28 307 327 66 324 220 178 267 277 771 191 324 307 477 693 422 932 291 215 380 433 26 349 421 1 300 240 337 115 154 239 205 65 399 500 345 871 781 350 620 931 127 363 436 308 67 88 315 409 288 587 67 117 150 324 830 412 46 734 304 67 762 91 12 315 113 963 467 162 399 374 178 239 663 406 252 186 234 472 469 452 963 164 165 5 500 301 360 347 564
103 243 287 289 353 299 85 44 183 243 437 798 88 444 277 369 246 401 95 372 101 476 30 501 400 103 940 148 453 885 149 553 106 192 857 162 13 503 238 72 700 67 170 109 240 128 16 137 88 288 289 87 31 919 443 234 496 151 494 341 80 474 247 102 619 468 470 224 362 172 133 91 494 52 69 385 226 332 664 321 287 332 356 395 454 109 390 348 318 382 443 147 120 263 187 54 240 442 203 199
457 311 137 308 102 545 11 191 360 24 367 696 92 206 403 267 53 324 479 411 397 89 487 43 52 477 535 917 372 43 379 432 283 255 5 182 69 83 499 205 814 138 74 441 266 801 76 203 92 22 176 306 242 896 964 116 492 208 148 656 10 293 996 366 859 364 895 466 57 319 207 855 61 359 567 293 98 244 79 300 37 356 433 539 208 72 689 793 357 494 234 176 117 259 252 307 24 163 644 109
277 316 980 384 406 255 557 159 128 325 314 690 204 252 485 454 761 374 166 217 665 224 334 291 340 14 857 69 313 308 50 400 162 871 172 857 367 530 105 157 186 409 290 269 290 647 51 216 404 32 417 112 652 424 436 26 240 367 204 289 414 299 629 536 323 118 75 614 391 206 382 755 336 75 145 233 212 500 381 289 419 487 501 151 216 400 67 50 106 505 202 70 398 4 292 99 417 42 356 134
377 467 281 302 339 60 30 112 975 218 879 800 286 92 436 6 47 169 181 117 970 384 148 189 349 858 424 94 119 926 213 375 237 101 420 380 213 98 128 173 55 146 119 731 177 103 450 318 387 231 433 751 89 964 295 822 442 314 213 332 464 443 431 264 565 133 822 470 339 392 894 15 217 469 428 203 67 304 450 790 29 84 90 977 404 502 984 873 253 100 259 83 248 498 285 192 905 190 317 496
345 472 531 974 465 313 397 205 411 325 702 388 191 126 661 33 823 206 408 98 456 149 52 483 498 41 697 432 400 396 667 43 67 866 39 449 223 70 670 921 73 608 284 460 129 920 157 480 248 151 519 666 294 752 930 820 188 271 153 72 42 287 321 67 202 453 641 132 66 207 257 344 371 30 12 194 432 212 470 294 98 15 320 49 9 89 396 320 276 195 363 463 179 392 160 752 148 756 925 854
408 431 93 237 139 101 423 139 2 389 896 656 25 227 364 492 165 19 787 451 86 11 139 59 965 416 495 467 311 53 101 227 81 47 94 699 334 264 839 193 402 145 739 71 257 437 176 769 277 132 379 107 549 465 276 282 415 401 579 295 229 69 678 64 302 1 475 385 453 441 139 23 43 140 270 487 410 109 614 797 354 126 410 357 885 318 948 648 796 5 66 784 649 380 382 383 7 435 828 708
87 235 266 849 55 355 88 702 33 249 371 176 652 474 289 194 190 28 240 353 426 396 156 370 207 346 194 270 114 89 448 399 405 104 358 444 43 72 43 642 746 354 89 419 365 420 313 202 271 416 376 65 229 164 70 32 131 440 319 360 371 894 988 483 163 733 271 33 48 192 432 237 174 617 901 262 250 313 52 41 12 315 358 374 596 657 513 292 308 472 176 164 314 350 68 480 236 225 164 244
463 17 256 383 815 355 89 36 220 19 499 230 555 69 343 492 111 32 192 79 85 60 500 271 90 218 362 503 107 26 194 450 89 398 148 480 83 329 427 382 68 331 742 119 168 258 451 432 304 247 765 407 269 320 68 763 362 81 277 267 729 799 102 22 149 539 195 538 233 75 720 1 310 23 248 72 117 122 325 844 198 78 448 110 485 121 328 60 457 394 260 24 276 65 398 367 49 106 363 325
333 81 407 863 50 160 229 933 466 781 397 731 235 477 362 260 420 64 141 301 281 271 166 482 300 679 442 174 357 728 747 566 157 553 361 346 189 250 31 243 339 179 383 309 315 70 434 482 180 530 62 127 98 148 922 393 271 74 977 606 113 763 791 221 77 119 492 103 319 482 189 265 520 191 382 214 255 789 883 470 390 368 129 418 457 23 113 41 162 456 903 135 302 511 802 278 458 60 310 181
868 78 330 433 403 158 507 107 236 483 29 425 73 313 477 256 166 292 496 391 981 236 183 35 360 43 386 197 187 427 897 286 554 368 50 275 73 274 137 285 675 435 204 48 910 180 355 202 126 320 766 846 311 163 107 488 273 994 82 256 720 305 153 468 450 35 797 159 13 930 335 197 326 255 316 186 417 224 11 875 152 457 336 836 194 45 190 147 125 496 97 86 404 267 101 379 132 219 478 100
200 424 172 486 412 191 287 244 278 445 373 377 253 302 861 9 317 1 216 194 668 874 242 53 797 314 407 868 291 221 471 612 343 185 293 829 106 77 292 66 170 216 361 270 435 70 38 967 646 276 387 292 186 271 415 80 299 881 192 455 332 956 418 779 29 147 484 820 184 362 179 243 222 974 486 472 146 315 279 156 803 99 355 413 27 351 324 435 481 4 127 354 229 119 258 148 212 636 520 434
129 484 364 304 557 716 70 444 389 442 971 475 257 325 246 177 57 499 476 389 408 758 237 262 865 49 106 513 888 899 342 326 648 614 43 259 206 204 748 14 817 607 436 98 320 385 196 293 54 65 195 984 100 417 79 4 16 195 451 124 189 852 232 555 371 365 124 381 511 956 820 243 300 313 252 432 148 331 114 321 488 164 251 214 914 241 233 343 326 317 249 168 527 70 296 785 219 823 47 382
43 189 134 222 405 136 148 337 321 398 91 206 550 280 424 283 343 996 428 263 661 137 475 192 285 908 251 46 62 485 544 157 937 415 432 302 248 475 101 209 170 358 460 58 224 84 234 181 17 483 107 195 912 292 346 175 194 94 291 468 439 67 110 404 38 417 262 489 383 368 2 515 144 287 216 150 502 477 469 118 340 968 174 37 206 466 482 164 350 485 859 1 290 201 361 156 35 475 379 302
256 477 314 782 242 353 862 739 272 602 307 20 73 81 464 354 408 83 274 81 893 419 280 650 126 54 141 375 7 440 849 726 27 416 10 5 442 52 568 150 6 436 459 407 280 81 52 294 391 406 43 56 136 351 248 346 154 499 83 466 291 212 611 981 468 479 44 279 435 272 474 245 288 79 400 632 163 213 538 199 479 808 172 7 325 177 16 208 733 193 456 234 318 239 185 942 123 36 614 457
147 406 270 325 391 371 324 359 35 492 349 736 771 776 32 830 27 24 11 466 488 859 171 112 15 496 255 866 151 263 69 375 353 69 11 135 320 805 207 344 25 255 510 501 665 618 481 415 477 437 269 194 143 469 91 781 278 59 798 619 151 372 754 425 227 719 206 20 492 813 242 351 303 225 315 430 44 301 183 385 478 463 887 76 339 187 172 70 366 305 713 276 448 175 214 149 293 423 784 376
448 380 3 113 271 693 362 148 306 169 238 128 345 123 439 447 73 189 468 139 184 437 149 312 184 483 445 77 359 788 13 360 505 175 648 261 468 451 103 59 5 422 593 208 542 581 197 405 307 788 231 22 144 211 244 21 172 215 89 840 345 22 465 950 364 848 201 38 325 494 158 240 130 280 115 285 675 97 322 172 180 393 435 367 68 219 213 283 718 49 477 17 476 149 428 189 299 303 523 233
186 716 310 775 677 164 908 254 386 129 405 927 303 759 368 301 328 95 909 397 224 682 311 594 429 798 193 85 86 53 106 485 104 25 437 789 62 154 397 98 500 333 414 79 375 166 957 384 175 61 11 189 969 301 172 15 178 170 405 123 668 546 365 453 25 188 394 949 391 93 682 465 411 683 82 932 165 376 194 39 453 333 109 6 293 421 110 997 438 436 278 415 191 342 877 834 279 706 379 636
403 630 508 604 725 455 904 289 441 34 463 147 285 437 335 180 612 572 85 299 862 427 765 110 261 268 397 424 152 370 55 455 155 128 452 211 18 321 54 319 240 67 315 66 103 234 464 64 514 117 192 33 48 527 201 163 230 967 13 44 212 431 179 433 564 459 420 489 188 221 920 266 979 165 185 223 532 183 340 71 52 59 896 364 5 119 537 42 343 266 351 123 813 870 261 144 63 636 452 242
241 335 415 387 181 262 367 108 479 32 132 171 175 161 84 456 459 89 745 477 148 317 173 80 151 129 787 194 390 463 492 187 343 110 109 261 102 45 248 470 472 468 285 302 236 474 45 808 405 813 408 355 996 332 225 495 137 449 470 247 349 200 496 123 286 687 536 358 351 392 282 429 197 433 433 315 977 243 36 433 326 999 72 934 375 559 858 179 20 492 57 181 623 849 357 782 162 209 242 327
743 174 376 333 526 331 38 375 489 48 894 350 491 362 57 683 414 136 260 262 515 144 898 197 453 935 377 32 541 475 119 773 71 3 565 470 692 42 147 81 236 812 117 720 287 126 100 288 324 287 221 506 768 832 77 139 4 376 224 71 287 205 988 292 946 114 569 951 66 98 500 253 90 181 346 92 479 407 408 246 28 224 289 189 314 90 480 155 170 870 82 110 109 61 153 461 329 181 87 88
249 294 273 256 99 725 980 481 428 707 340 76 476 231 231 961 145 362 851 447 343 298 117 339 329 973 540 603 439 380 452 325 178 435 177 465 770 289 203 935 178 128 141 234 481 131 112 11 391 476 309 454 299 42 565 276 297 460 415 452 67 141 111 341 318 851 2 142 424 85 39 375 399 441 653 313 237 417 232 392 618 820 439 98 797 477 411 285 239 5 51 406 275 282 190 422 363 109 829 99
248 252 662 460 83 32 615 670 834 140 393 858 76 323 196 392 222 306 177 221 9 276 612 690 22 502 86 332 144 427 127 53 213 289 278 237 118 305 16 299 385 975 861 197 16 89 260 220 757 326 19 338 457 101 298 768 111 941 421 187 508 482 63 787 467 105 22 393 367 375 379 244 136 101 365 847 22 261 154 371 11 431 815 300 722 10 56 61 262 497 30 466 480 86 157 297 405 918 536 951
843 457 104 181 143 287 51 243 983 366 250 338 264 193 366 143 390 68 231 238 389 448 141 191 205 486 626 318 515 870 745 415 192 355 55 446 470 303 383 480 165 61 422 310 700 261 11 469 313 178 581 848 613 307 8 849 646 578 50 466 159 76 327 485 291 845 106 330 221 327 471 127 366 69 115 220 166 252 111 473 294 215 90 365 304 484 640 143 181 464 77 486 29 619 608 347 564 514 87 153
576 499 297 292 542 456 320 52 468 85 61 223 592 425 511 259 364 445 147 308 75 183 495 964 92 339 230 855 12 7 139 186 304 216 50 34 864 625 86 245 71 209 333 924 634 440 781 39 422 106 36 399 277 162 427 355 18 407 2 201 390 17 317 71 17 316 621 221 120 751 599 100 854 334 67 131 842 376 377 181 442 345 339 234 205 586 214 137 23 846 711 72 423 185 414 30 386 58 207 491
973 429 353 538 197 230 439 858 383 310 268 205 360 461 538 236 55 702 151 654 391 454 22 275 481 102 100 161 832 351 606 267 488 457 384 237 162 467 267 439 417 270 468 975 318 59 166 445 970 435 625 522 220 306 424 233 495 393 260 544 913 204 33 750 270 51 507 160 300 82 29 118 443 665 191 397 418 2 661 82 475 150 384 169 386 83 788 363 400 500 53 173 993 215 21 430 488 276 350 310
462 189 429 307 351 337 24 874 139 324 165 56 100 181 410 735 307 417 163 344 127 146 483 466 404 216 669 83 191 230 24 668 486 978 396 275 316 330 799 808 8 392 818 347 358 520 474 171 362 359 24 121 129 460 48 250 438 262 199 210 416 128 41 306 497 489 490 348 100 751 99 102 805 827 373 9 154 328 752 412 138 204 414 379 766 274 860 451 322 380 43 176 420 447 463 170 789 54 353 404
258 327 308 800 591 12 821 347 92 355 474 523 84 299 377 335 145 270 229 469 390 18 734 868 350 4 336 637 61 427 266 442 759 570 452 88 14 458 385 41 41 53 415 995 826 298 183 378 234 165 207 252 76 241 275 71 373 401 433 102 438 91 973 415 163 141 48 168 547 375 233 363 164 278 254 23 492 894 353 59 143 694 192 226 471 991 140 656 40 460 188 79 146 267 296 986 64 666 67 123
321 82 369 542 499 75 69 283 89 489 776 126 65 46 455 89 451 976 11 792 360 175 979 161 150 164 454 363 362 833 704 261 109 457 126 182 554 55 96 498 149 862 84 300 405 213 285 73 360 371 865 73 468 299 525 721 28 206 270 886 115 514 476 404 730 421 394 813 881 708 519 6 177 56 244 450 464 435 868 284 98 460 436 60 499 37 133 13 475 437 263 271 237 447 469 292 496 236 87 113
242 550 297 94 7 973 121 408 303 185 402 238 602 46 978 181 423 446 949 716 468 36 163 25 685 113 221 73 905 244 419 356 397 398 536 815 886 299 170 184 392 84 223 387 744 460 651 161 553 202 223 109 254 754 534 350 365 22 174 570 301 381 62 209 668 366 182 389 295 421 762 345 301 281 212 898 878 84 451 500 465 494 473 502 289 117 323 550 416 171 387 92 420 202 688 426 289 463 565 356
650 211 977 128 384 361 484 535 510 413 280 346 474 331 28 817 411 988 21 253 491 467 317 839 123 33 145 110 147 483 101 1 353 972 326 348 398 320 157 12 529 203 50 449 373 154 461 115 540 61 219 451 524 336 801 388 351 219 167 653 148 187 839 202 31 80 419 422 230 260 224 374 133 181 508 124 998 176 345 378 292 465 560 533 167 260 94 130 156 238 465 366 800 340 54 229 389 243 65 233
203 332 9 349 702 479 94 348 49 644 521 264 472 203 517 595 19 419 418 125 334 100 423 132 771 126 391 46 880 15 84 359 547 376 463 701 41 391 451 567 317 171 47 637 416 645 608 642 256 22 10 190 402 332 186 499 171 876 762 487 260 324 457 54 498 893 632 496 244 441 152 786 73 82 27 376 231 227 354 635 700 148 448 475 31 262 132 132 71 580 896 86 117 61 74 380 498 575 311 259
100 71 127 731 116 297 211 433 665 799 430 59 672 760 884 68 784 174 540 53 784 407 276 207 314 86 597 36 204 406 138 472 443 155 49 6 799 155 621 270 15 160 776 387 95 59 12 433 12 323 173 178 880 707 242 861 710 418 398 426 620 470 108 187 422 396 202 604 827 169 675 421 162 122 409 470 39 137 354 886 334 465 442 237 367 275 260 545 438 41 201 708 56 467 202 472 539 419 369 333
208 145 995 691 110 382 58 282 126 402 793 331 992 161 350 849 327 332 367 198 406 191 956 490 252 7 109 341 781 140 375 285 284 994 311 295 250 208 169 28 98 398 99 16 195 203 403 41 426 406 90 649 120 432 369 210 160 235 217 536 360 259 967 71 499 545 640 40 814 895 269 153 26 83 337 754 288 471 152 63 335 381 765 460 99 606 588 284 989 928 801 74 4 311 183 103 838 333 489 933
870 518 152 39 124 362 902 90 335 449 3 397 486 62 52 151 115 346 104 640 358 431 746 336 733 286 54 417 368 483 152 758 66 62 338 266 308 437 930 26 543 159 36 337 566 386 348 286 271 303 448 278 111 810 375 150 275 127 57 377 138 207 271 4 725 226 386 81 95 376 250 363 144 752 596 269 427 612 69 418 223 222 260 363 325 71 318 447 244 487 474 65 470 217 810 406 615 224 175 100
71 131 669 37 232 219 40 802 189 420 306 227 3 246 184 268 49 674 37 15 518 338 76 78 305 280 483 717 441 799 307 44 448 389 399 927 133 143 687 388 157 671 476 257 139 326 320 70 203 756 567 237 222 28 261 183 994 792 31 379 388 289 512 599 193 478 109 47 497 729 998 516 775 312 378 177 335 115 352 376 407 595 451 142 470 422 174 216 493 21 285 260 513 226 321 337 707 699 891 494
39 13 201 294 152 486 495 357 30 491 443 96 6 37 564 836 217 247 344 887 175 381 763 454 25 387 603 591 333 392 413 592 57 46 50 317 453 1000 969 70 530 362 460 499 201 507 165 211 561 284 513 109 807 65 473 292 270 528 94 346 35 278 485 9 184 546 227 618 980 515 236 551 361 323 120 30 62 359 92 984 167 554 327 802 388 149 814 201 278 435 655 150 455 384 687 142 267 355 100 333
282 480 343 76 89 176 496 86 374 340 985 378 359 298 307 173 160 188 321 532 241 388 144 878 803 409 432 266 247 341 460 491 261 993 960 439 752 163 81 813 425 96 274 329 265 316 963 147 205 79 430 300 270 472 239 72 532 195 560 349 429 462 296 125 133 935 185 191 71 187 666 20 225 237 175 275 995 371 320 150 12 232 393 440 393 390 324 359 900 297 616 398 185 315 12 280 360 569 386 444
367 318 778 444 479 389 330 753 107 597 394 165 419 561 162 208 167 86 955 2 46 147 268 894 974 435 185 426 201 985 602 125 63 88 370 171 226 178 969 821 111 384 282 10 19 67 100 856 321 415 247 500 77 85 616 587 229 275 90 673 912 634 124 407 281 497 405 163 930 216 138 338 48 213 482 383 17 432 146 69 632 331 708 110 600 187 84 324 478 455 415 617 361 453 196 317 243 276 101 974
288 404 72 366 443 330 849 171 265 310 26 28 390 243 286 193 246 438 84 412 461 661 260 217 242 484 955 910 307 655 266 965 200 117 131 304 194 416 172 67 163 257 494 402 663 127 89 293 277 489 843 110 935 151 231 239 284 303 268 624 105 110 56 440 139 44 281 714 269 226 358 142 378 109 54 486 128 494 75 377 464 42 970 417 488 424 211 626 334 100 74 340 329 135 855 5 82 43 409 338
200 457 39 146 188 471 54 274 371 225 886 327 106 126 361 466 420 360 475 505 420 267 271 276 494 133 273 951 955 43 443 323 476 286 224 488 153 223 159 457 622 2 498 169 464 113 441 256 378 204 86 438 579 632 215 193 237 774 118 35 38 102 37 564 865 376 183 264 264 721 40 207 130 93 533 954 184 156 222 140 121 421 352 412 396 243 429 287 714 512 53 475 799 605 426 326 276 10 525 467
752 152 50 79 307 679 234 180 398 59 556 640 763 734 238 52 44 228 663 159 474 225 995 347 211 119 722 431 881 322 228 62 524 218 10 518 93 223 32 9 743 33 372 203 391 451 139 214 273 475 106 80 575 161 328 228 45 281 140 306 343 222 349 471 465 616 192 407 161 152 115 257 281 12 25 236 89 492 295 225 134 619 191 439 218 367 467 361 487 369 109 444 78 49 235 496 654 450 51 480
257 167 895 27 125 229 196 208 440 475 235 60 266 46 74 361 232 186 345 301 492 390 176 50 498 314 170 473 1000 261 210 336 823 249 102 490 621 27 415 795 734 465 93 904 421 167 109 327 123 117 620 374 709 127 430 271 434 296 209 376 110 599 68 240 40 29 304 43 476 467 81 103 450 870 16 225 129 447 843 975 444 390 286 454 578 422 226 117 19 65 424 141 459 54 211 540 655 88 353 634
361 952 87 157 117 775 107 18 379 42 231 123 334 4 161 340 154 356 428 172 338 12 134 863 87 84 348 669 711 124 273 254 157 154 439 475 200 6 263 590 935 467 225 363 302 450 110 101 501 202 621 222 38 556 403 408 74 40 388 394 232 394 34 187 886 481 392 463 334 947 14 325 117 144 347 405 25 2 402 85 51 299 343 188 890 267 352 395 463 294 815 773 954 67 908 894 278 314 93 465
19 234 339 264 775 978 453 352 114 236 345 123 271 379 31 35 222 655 246 996 791 259 243 416 190 45 222 258 211 194 746 661 195 604 336 996 393 356 247 420 224 57 569 400 469 417 435 418 595 271 181 876 306 358 84 994 332 198 665 247 374 58 228 369 229 588 137 362 247 51 33 907 493 389 72 975 51 274 954 15 496 639 29 121 157 120 20 585 346 374 75 133 745 199 71 371 2 160 43 830
710 37 406 470 155 52 247 469 383 217 426 441 316 491 172 29 8 140 334 521 278 581 306 399 398 32 435 464 810 1 183 393 341 457 11 314 91 477 965 635 848 376 909 142 258 64 34 191 182 213 117 219 725 40 225 287 337 302 275 152 462 499 266 434 953 433 176 867 43 913 148 990 909 351 322 219 240 78 562 844 676 466 298 187 133 398 43 478 903 298 387 137 583 734 689 236 32 339 59 481
577 376 421 402 430 47 190 463 233 343 130 172 146 51 498 168 171 57 314 15 571 43 74 814 524 223 131 111 162 71 682 447 141 395 295 156 388 187 451 48 247 159 488 178 365 12 130 453 48 731 676 426 356 327 853 90 2 304 356 412 111 421 320 335 80 349 336 200 140 782 202 961 95 650 64 306 428 16 404 116 357 16 771 256 614 476 676 72 273 345 150 541 818 572 178 442 802 131 219 58
369 887 218 494 152 923 219 32 364 284 169 352 243 75 483 499 282 67 299 479 656 36 6 77 470 419 267 366 239 121 261 423 265 279 339 532 143 136 339 645 35 481 483 327 168 1 356 409 431 272 183 333 175 274 863 435 647 101 705 342 479 92 89 103 535 89 405 40 481 180 457 486 457 495 482 443 816 257 446 265 404 138 489 700 134 151 500 59 396 150 287 852 208 68 389 99 98 254 98 254
232 20 455 219 473 269 57 748 421 103 231 309 487 974 489 247 983 127 212 363 58 316 145 742 475 490 472 972 377 46 844 141 904 452 33 217 407 60 479 387 185 892 161 581 497 212 154 433 420 429 170 96 496 318 750 355 193 305 537 124 480 302 334 15 284 544 149 71 288 217 817 501 194 452 199 177 148 217 564 927 258 208 123 926 277 549 142 167 399 409 836 53 5 290 241 409 565 312 435 84
66 394 482 395 465 982 187 349 382 278 161 469 206 400 492 636 155 501 679 477 413 429 379 810 199 266 236 497 168 772 258 327 342 294 329 567 455 279 501 41 34 385 451 468 618 272 126 140 217 294 213 6 371 43 28 416 135 48 283 316 810 364 338 498 753 430 437 29 260 432 292 866 388 473 484 130 60 268 395 432 132 159 453 663 808 445 195 103 197 301 788 715 90 393 730 703 393 9 860 164
767 234 349 210 933 492 291 381 257 744 318 16 122 78 712 836 269 457 609 313 654 309 270 261 433 250 470 447 668 241 328 95 326 197 748 115 634 474 905 427 408 545 881 337 200 62 380 265 321 101 131 330 255 342 614 142 737 861 82 103 9 284 15 998 231 472 3 202 340 107 408 709 466 77 249 394 23 518 26 919 582 453 335 793 233 279 973 356 301 985 214 412 218 222 108 312 41 728 228 196
441 158 413 166 330 312 329 456 438 207 370 164 303 42 204 479 317 287 135 161 107 800 236 755 758 181 881 53 38 120 82 498 756 105 391 77 433 723 345 135 238 85 98 470 559 131 304 1 463 521 15 140 345 213 169 449 495 268 579 420 488 294 135 454 364 308 795 726 162 380 67 353 205 25 77 445 338 288 224 190 306 431 595 930 354 370 58 251 811 464 278 352 286 407 78 397 416 498 808 542
383 24 158 431 47 160 935 148 967 377 152 130 440 92 2 827 240 430 19 354 223 455 82 491 275 127 300 185 953 62 12 302 23 442 679 138 12 987 478 44 419 557 72 507 492 241 252 397 208 570 89 436 320 495 450 376 211 236 494 456 81 511 648 274 309 337 192 109 628 219 732 317 39 777 176 87 157 61 684 382 514 594 465 27 170 819 162 698 259 792 324 248 312 22 313 171 39 8 388 942
944 890 144 282 399 340 115 483 85 378 376 292 656 341 349 229 202 35 552 960 322 272 204 350 810 940 155 122 155 210 278 325 285 229 361 900 33 190 37 472 407 163 231 394 144 520 870 156 421 828 389 418 357 969 58 69 472 85 147 463 462 339 24 41 405 162 138 198 886 771 170 72 426 481 320 618 76 436 323 252 183 296 927 718 721 130 481 183 290 366 489 419 421 100 228 789 770 125 424 29
850 937 955 926 149 604 903 564 996 757 818 581 858 48 351 657 774 638 804 867 576 570 989 557 622 914 975 999 789 546 561 169 338 517 852 868 183 880 625 555 938 460 635 824 849 738 291 488 700 899 800 851 640 665 595 497 730 720 607 795 538 756 783 967 555 646 890 850 507 721 530 938 319 919 511 725 733 897 772 868 185 683 653 539 968 913 846 497 812 688 573 956 11 568 720 527 828 593 484 2 805 95 35 831 692 664 779 796 720 875 205 962 776 824 812 437 942 655 905 925 556 741 897 912 754 659 509 701 863 749 872 173 671 772 675 581 327 587 956 17 892 836 570 236 651 818 722 104 872 961 701 988 956 626 719 531 567 939 969 915 122 568 731 900 528 767 855 196 937 649 642 358 226 918 657 598 776 851 577 561 148 927 656 970 679 133 871 864 204 865 635 816 725 918 494 340 3 269 540 386 610 721 289 744 636 208 680 528 292 772 542 602 934 683 994 971 559 631 728 606 33 585 518 933 614 676 812 303 762 629 311 419 901 967 697 63 282 685 642 564 408 588 82 794 943 617 843 130 772 651 588 23 660 949 966 793 727 163 813 932 833 804 995 663 59 518 550 540 679 617 943 839 795 750 24 871 533 743 644 393 748 691 305 829 683 541 969 787 364 974 523 258 988 672 445 825 945 283 581 668 925 384 731 956 75 47 830 532 598 626 752 47 743 921 846 998 144 735 976 833 276 671 589 230 868 658 647 570 956 372 655 790 421 155 809 824 616 335 560 600 426 396 23 508 560 970 508 620 905 797 977 260 500 13 722 872 862 951 55 599 85 550 593 522 523 513 738 714 498 620 735 531 544 695 786 192 879 822 806 326 725 949 795 919 965 96 681 677 950 894 631 996 786 884 638 976 551 812 594 804 206 597 361 835 522 644 610 238 821 370 702 841 698 771 741 764 575 728 775 742 621 712 779 899 758 301 825 888 666 666 519 839 603 984 825 361 627 807 598 292 261 851 939 130 511 958 933 742 881 817 652 668 689 347 685 39 193 770 638 334 118 694 940 253 710 590 824 859 916 838 630 857 607 119 176 209 961 624 153 572 442 600 546 581 741 962 594 483 570 964 978 525 557 583 142 811 804 808 252 245 916 950 848 124 691 520 575 504 752 222 723 978 970 721 764 895 865 544 860 722 835 526 938 624 522 973 953 183 586 661 674 795 528 90 913 795 505 541 133 750 878 373 802 63 669 832 985 532 796 45 663 670 818 210 737 24 987 759 703 924 964 690 102 932 579 710 814 952 768 239 773 826 642 603 723 95 806 224 705 103 472 662 445 108 637 664 700 787 685 955 753 384 481 863 937 290 944 821 578 820 582 774 617 834 616 54 673 958 172 45 562 124 537 873 580 882 807 787 295 530 666 786 929 574 797 740 762 357 124 476 519 366 573 184 839 18 521 570 730 583 476 972 718 510 553 754 571 983 779 827 500 986 831 477 763 280 937 709 592 521 756 691 955 125 869 155 936 916 718 208 670 768 658 418 819 755 311 492 610 624 907 84 503 470 564 293 903 804 950 622 628 637 549 996 811 876 724 547 807 618 327 648 737 829 686 637 821 580 976 944 945 910 94 752 939 507 688 668 893 820 424 930 876 692 677 780 913 990 306 520 11 221 932 802 562 997 773 363 746 539 925 671 81 830 489 517 594 564 634 554 566 517 520 808 561 562 791 702 781 544 816 841 657 109 910 621 908 687 406 624 580 861 812 785 343 135 858 626 269 642 960 165 770 923 994 610 866 676 502 757 485 849 852 394 595 569 981 952 879 916 501 830 75 93 31 510 228 868 838 995 507 684 351 790 587 767 947 212 682 790 801 838 899 823 504 949 765 846 741 742 686 889 34 695 698 593 148 807 571 952 644 607 219 828 748 797 803 865 885 982 656 648 683 850 1 631 837 664 207 613 982 526 651 754 574 794 914 676 609 664 805 964 258 983 876 748 878 896 773 935 923 972 191 840 243 870 305 556 28 766 891 534 824 928 478 531 652 637 740 274 717 716 959 708 502 755 517 981 882 715 543 669 968 864 705 565 521 835 775 933 79 839 156 349 738 673 603 417 116 814 939 880 995 780 64 852 879 286 556 594 577 578 746 746 843 505 603 770 823 557 778 663 80 586 762 241 569 680 539 993 634 454 727 940 558 812 911 523 747 303 951 910 642 720 664 451 828 930 667 262 743 696 658 736 671 559 788 731 385 788 906 378 338 879 803 260 989 991 871 647 984 626 378 770 141 641 785 957 750 633 771 909 974 871 758 836 366 722 949 977 977 950 734 535 675 723 924 919 952 942 470 766 914 401 626 86 923 644 660 624 984 308 137 401 26 778 326 543 810 641 733 897 163 695 670 856 213 979 662 663 698 658 514 816 608 546 664 685 783 684 737 855 642 497 796 898 701 913 905 530 582 934 968 950 548 990 637 637 164 617 801 563 849 692 807 632 614 642 952 363 983 639 1000 893 919 738 268 757 750 570 229 641 886 865 844 728 519 538 94 362 835 969 910 550 841 608 710 796 8 409 555 692 879 598 603 239 938 667 710 563 64 515 971 820 733 633 991 948 795 180 799 826 953 612 17 267 992 503 355 752 613 872 710 536 863 911 962 678 722 552 441 328 821 797 729 322 739 353 628 562 827 585 881 791 888 596 928 851 587 601 97 810 762 512 574 556 544 702 911 673 518 824 866 695 809 698 935 992 947 678 837 805 894 841 505 158 818 847 693 443 723 524 861 330 991 963 584 625 992 933 996 860 1000 566 776 817 486 837 915 551 53 699 651 278 834 621 961 800 843 288 923 489 673 971 448 1 621 944 616 638 949 807 608 925 665 947 967 731 790 817 640 927 113 734 597 846 929 801 661 890 532 28 487 567 993 595 27 548 783 584 985 408 698 868 876 521 833 551 926 988 970 713 354 315 295 955 273 744 589 915 760 756 954 624 670 739 638 443 745 968 577 622 830 912 705 946 692 174 852 702 571 814 924 894 621 725 665 707 800 899 895 655 868 589 571 870 583 854 705 141 487 970 909 515 749 841 665 990 969 631 869 370 753 79 843 999 783 793 779 508 698 316 651 846 922 700 562 938 960 636 82 663 678 280 840 623 545 586 598 796 996 546 781 935 561 862 673 575 644 87 736 757 177 285 567 138 649 930 343 315 218 207 857 738 629 500 552 655 161 899 74 820 486 519 756 855 658 756 614 619 841 946 712 837 869 650 546 676 871 962 967 469 218 651 992 973 577 876 935 747 583 128 350 581 245 646 409 576 940 852 527 248 867 913 729 780 998 619 314 677 923 558 518 749 576 518 933 764 919 644 976 989 927 765 713 990 934 904 362 63 949 852 503 636 532 614 703 857 109 647 120 722 940 887 922 939 575 696 474 906 761 705 899 595 657 868 855 993 946 664 563 102 183 658 754 845 976 784 949 552 37 708 638 698 816 365 640 86 699 851 879 787 681 717 745 952 746 895 502 572 672 823 799 959 781 809 842 804 595 909 680 523 404 810 753 466 774 877 908 644 685 669 662 150 648 942 677 566 804 944 581 780 154 833 835 993 892 677 914 831 601 929 906 869 602 856 685 144 805 262 733 933 680 760 813 607 397 935 791 805 824 835 683 991 668 17 948 511 701 633 380 934 552 876 519 510 899 980 867 561 830 656 573 601 845 217 819 632 554 829 618 514 493 818 978 742 769 311 453 822 811 608 661 633 712 922 916 825 801 718 504 635 802 897 680 161 697 539 985 834 194 340 676 430 904 637 906 143 714 963 401 4 755 846 978 660 991 624 830 652 629 691 521 616 356 884 822 513 997 189 39 608 648 892 934 917 901 516 12 964 367 178 814 799 841 733 704 863 553 698 796 343 663 857 602 334 538 173 842 912 32 113 251 105 952 762 780 587 806 949 523 619 781 669 518 887 369 368 823 859 945 859 892 60 529 910 306 739 416 188 10 811 712 556 87 80 783 920 753 587 968 336 510 901 840 710 168 388 561 884 859 606 177 754 220 897 678 935 665 535 68 663 693 982 501 382 864 949 898 587 841 678 568 837 897 854 548 684 959 124 141 970 945 628 792 168 285 589 668 494 241 811 792 649 531 345 287 398 180 281 766 742 118 965 884 59 255 65 644 643 996 834 626 325 682 275 724 883 882 216 625 815 648 227 684 305 608 656 638 369 551 686 942 520 668 414 916 637 659 661 747 993 772 691 692 711 552 245 771 636 810 960 556 617 812 869 621 837 726 406 993 973 579 753 654 879 561 889 372 789 162 419 936 964 602 743 561 159 715 750 518 590 435 821 910 543 587 767 702 561 682 616 999 807 994 535 515 842 647 684 871 935 759 298 627 994 534 512 516 694 823 724 529 971 582 942 595 654 953 501 609 994 633 560 718 724 999 965 781 762 795 718 809 905 727 658 815 560 779 747 737 336 985 354 747 925 651 531 544 30 777 674 714 528 903 528 522 535 740 951 899 497 977 980 654 432 563 830 653 558 798 413 841 223 600 479 703 872 947 91 556 814 141 290 94 715 506 335 536 666 721 578 819 770 995 819 936 723 60 509 691 696 379 654 931 868 9 920 903 574 612 751 592 687 523 931 584 992 973 438 889 747 988 694 651 821 695 599 880 159 782 793 546 500 791 807 684 753 576 909 950 945 707 600 861 635 570 709 489 547 599 656 680 949 524 745 962 3 612 230 606 787 918 722 731 719 875 859 542 557 667 736 769 780 751 640 827 359 871 893 928 254 752 507 809 930 781 608 496 754 875 825 943 361 620 763 715 755 848 354 679 810 994 897 620 570 230 732 925 688 961 456 913 899 869 206 511 669 673 522 759 547 960 918 1000 549 255 47 583 958 708 922 802 468 907 558 895 939 112 576 70 609 558 725 525 639 145 648 546 391 728 890 714 777 181 655 929 188 286 516 739 898 137 784 585 793 706 919 720 290 999 821 998 889 681 581 53 296 622 811 901 868 605 479 761 578 864 994 519 515 562 986 144 861 82 773 857 763 958 718 631 724 833 672 582 97 981 705 878 558 624 529 997 832 61 525 148 677 542 510 837 360 586 884 365 560 785 572 701 771 980 318 126 643 563 595 964 964 994 365 51 784 949 852 890 822 672 435 551 734 569 814 3 615 954 835 748 577 603 542 563 832 650 160 672 734 568 641 330 194 681 874 456 864 747 808 602 953 685 124 911 411 356 520 955 923 728 825 978 534 920 924 938 83 479 149 949 122 568 931 741 65 614 581 740 800 591 389 971 625 787 757 520 674 499 825 764 910 742 694 857 919 685 190 639 403 609 873 937 619 595 703 668 630 693 615 442 894 882 663 947 944 925 18 690 974 517 887 976 801 827 704 844 737 808 353 580 876 804 829 150 850 937 828 864 577 960 245 982 683 948 949 389 894 891 999 792 468 742 345 632 991 684 627 315 869 983 906 843 963 938 620 142 979 40 200 510 838 702 780 947 721 800 993 916 662 30 949 780 572 912 691 959 716 626 26 781 567 910 820 648 708 584 698 823 650 594 589 298 887 843 981 314 721 369 536 757 819 546 230 533 571 553 825 283 822 879 181 886 980 887 781 518 62 522 887 788 627 621 972 747 749 880 170 423 716 535 575 634 717 525 904 679 924 650 532 808 880 596 683 360 878 738 152 844 637 661 648 547 784 999 201 963 894 837 498 793 889 704 995 661 551 527 937 594 705 845 349 566 173 730 359 995 564 875 624 950 351 192 52 936 673 884 586 893 787 717 820 406 774 990 781 810 882 854 1000 644 497 953 950 409 764 819 964 536 801 925 791 895 617 757 775 957 977 592 843 524 749 176 945 900 631 842 873 19 859 919 167 208 811 801 750 431 649 583 989 878 965 965 503 758 842 765 139 519 560 576 876 883 855 790 660 554 653 816 979 270 586 804 956 630 865 776 638 158 734 736 816 967 573 711 910 214 931 860 790 609 610 703 620 746 598 946 356 933 359 905 968 616 718 977 797 736 213 367 271 997 987 770 436 741 613 686 579 552 718 824 354 550 747 622 37 952 597 796 727 579 883 932 790 581 648 578 704 981 672 667 543 602 966 714 955 434 560 786 551 194 513 910 509 675 973 937 213 61 835 999 890 919 893 212 680 998 649 763 859 733 867 940 212 169 785 876 641 652 879 983 964 721 611 928 500 545 819 566 692 503 760 505 760 920 869 824 987 822 123 344 685 610 977 357 664 795 853 736 636 966 597 618 874 840 865 795 926 961 744 728 158 973 853 819 323 709 492 592 899 589 317 924 124 769 760 827 425 531 546 648 878 928 528 812 997 829 590 191 179 757 210 675 88 946 518 973 790 733 880 47 371 711 578 184 754 267 818 718 806 860 804 705 822 682 892 696 267 728 518 177 674 782 782 375 15 797 966 568 748 605 752 559 752 907 715 979 599 853 981 3 218 468 983 774 564 251 871 914 463 857 593 564 787 949 533 721 823 283 712 936 849 121 770 677 803 758 781 519 760 760 629 885 676 709 832 75 808 543 151 344 730 646 780 659 413 642 601 791 813 775 651 543 717 348 495 671 763 851 834 243 610 359 832 801 603 809 570 148 785 696 945 442 652 991 901 679 988 795 581 345 710 811 400 572 494 711 989 711 966 871 132 904 833 479 654 963 627 603 702 381 779 686 912 283 582 674 503 933 786 774 866 515 829 27 846 766 828 910 495 522 502 639 458 993 861 832 535 377 679 987 654 82 176 491 623 989 498 137 484 672 808 76 705 987 962 858 640 536 533 646 286 884 467 39 211 632 902 236 957 60 694 646 783 554 604 507 915 846 12 477 85 500 683 664 886 959 535 631 549 837 791 850 943 576 547 627 972 664 72 790 526 722 722 681 159 531 217 768 866 925 712 946 873 674 790 814 772 542 519 87 631 296 514 572 699 317 868 34 673 874 677 830 144 205 973 61 534 576 343 956 348 155 949 934 537 502 279 794 998 641 780 810 463 783 893 995 224 898 359 715 699 663 653 117 614 733 438 540 917 706 411 625 641 849 870 950 660 524 954 400 557 774 635 531 981 901 817 937 690 598 484 791 984 546 181 290 936 451 971 610 648 745 856 139 663 695 903 552 77 919 20 638 519 460 239 555 764 952 667 855 544 531 587 827 679 11 82 568 541 873 693 347 500 893 661 520 557 593 562 687 540 202 39 215 37 794 683 110 575 876 893 229 217 968 810 893 644 538 980 675 951 809 931 516 636 569 699 570 502 775 763 808 964 552 488 169 755 549 905 542 87 898 748 944 671 956 752 644 761 669 606 626 615 813 582 976 72 919 932 732 628 708 962 978 789 601 141 981 331 662 676 575 967 928 501 334 512 512 695 528 531 714 581 783 815 791 766 584 835 730 839 771 683 969 685 1 634 109 941 714 164 918 763 924 916 521 656 850 719 827 536 701 643 653 631 976 158 663 74 539 968 562 583 500 362 831 948 712 106 642 546 861 759 525 361 104 624 934 703 503 853 610 762 644 921 632 814 632 403 30 914 457 196 714 933 229 23 665 619 678 500 369 163 592 503 212 954 526 517 525 85 536 652 514 496 672 908 623 887 302 300 601 993 359 860 608 798 951 577 883 569 558 901 561 637 774 778 821 779 827 910 162 853 968 507 190 817 768 675 512 568 786 657 858 538 542 211 693 585 193 94 368 748 925 534 870 448 235 513 865 520 802 43 725 921 546 820 956 633 650 924 786 892 630 492 662 564 941 59 896 961 709 523 665 661 565 943 607 693 685 984 984 694 661 658 965 901 65 151 809 14 871 779 669 198 215 729 679 929 337 690 625 817 729 527 902 388 525 630 842 687 605 668 15 238 601 775 634 917 923 972 998 759 146 371 825 851 910 520 195 897 607 543 958 625 737 80 624 9 637 388 825 656 788 831 751 847 750 525 64 878 358 620 926 592 338 716 928 812 535 879 695 635 684 193 649 256 251 723 839 682 205 215 37 515 803 747 534 4 893 922 460 549 697 791 737 597 698 692 802 820 636 538 527 814 926 20 819 978 821 580 693 917 586 534 702 534 768 899 785 932 608 718 769 879 579 503 735 402 573 776 318 208 807 641 779 941 464 895 901 809 584 450 229 587 591 807 757 679 65 645 998 735 946 650 834 727 660 476 563 545 439 926 878 929 574 839 878 641 755 280 845 755 768 701 11 698 596 553 778 709 809 703 631 840 573 693 150 561 957 48 837 530 765 583 357 811 745 136 547 988 612 868 409 48 832 845 995 538 929 602 500 519 871 699 737 792 778 38 951 353 560 768 645 422 647 740 502 936 682 734 829 781 893 904 566 544 569 993 198 711 917 714 717 663 394 967 658 517 518 652 941 912 711 567 747 811 942 878 930 508 563 835 630 562 181 964 797 943 706 643 538 929 572 683 308 963 435 642 660 331 796 627 643 913 966 721 800 809 848 592 582 782 979 573 937 542 999 831 894 705 593 629 813 692 32 919 976 578 453 737 718 712 994 154 778 645 24 761 298 892 915 835 643 375 640 817 704 600 983 203 692 722 935 698 755 44 922 399 287 557 766 501 696 937 541 699 524 562 901 554 618 993 719 134 913 8 996 889 741 551 507 483 855 925 554 666 863 670 996 877 806 517 576 972 978 900 846 178 753 257 806 958 64 923 291 795 592 933 468 983 112 164 578 576 435 609 500 32 704 702 795 874 887 750 460 168 661 808 916 529 945 634 690 755 508 853 300 691 683 637 569 630 289 904 715 237 717 782 580 695 783 929 340 30 721 668 619 986 870 844 461 844 7 565 741 865 833 68 73 679 875 850 886 562 762 637 469 652 667 522 902 873 665 843 772 505 580 676 907 769 984 715 672 784 651 759 723 294 962 814 930 110 746 604 521 844 946 29 508 726 810 976 603 977 968 959 669 695 886 175 818 727 733 781 967 508 780 660 606 879 706 946 585 539 733 596 626 83 802 939 528 818 950 856 549 631 715 102 536 543 525 784 928 354 705 531 744 605 667 785 649 787 590 963 799 751 847 806 583 975 829 287 992 30 577 501 631 543 37 775 681 718 936 875 670 796 514 742 542 833 14 551 886 554 630 645 751 816 671 662 65 984 515 645 851 783 641 780 41 909 705 284 819 555 681 957 980 900 686 718 903 896 959 813 701 787 195 992 993 597 774 820 589 703 940 760 789 613 628 80 811 561 426 743 488 856 675 553 449 644 260 864 732 221 583 591 625 742 884 467 35 792 551 827 773 553 911 402 121 681 995 51 519 849 515 959 863 751 21 878 861 956 693 522 977 886 794 740 635 759 1000 763 845 515 750 196 551 393 697 614 643 627 221 907 53 731 32 787 528 246 695 648 989 904 627 950 949 761 574 901 789 824 781 661 610 835 2 536 577 711 537 555 563 552 615 536 991 559 850 656 883 937 968 977 517 837 611 901 757 563 843 745 570 933 935 415 743 984 877 108 717 741 881 304 942 832 691 532 892 682 663 606 615 342 161 853 836 460 946 883 575 796 708 577 172 801 743 290 770 714 617 932 883 104 539 859 532 887 751 623 549 837 934 411 598 627 280 765 543 655 935 323 973 616 560 141 992 992 63 547 871 597 929 976 905 535 781 182 586 995 836 576 683 765 648 687 823 827 916 94 957 612 524 904 842 600 838 398 735 743 791 906 922 944 765 539 595 79 479 716 827 801 650 751 622 5 637 286 758 334 496 418 886 638 665 835 707 883 3 734 730 973 730 917 860 924 295 716 919 926 954 679 637 560 186 940 849 657 767 629 390 890 951 640 957 712 23 828 918 872 868 838 52 693 871 753 679 824 671 156 885 724 744 314 564 554 405 810 906 507 500 610 773 904 675 647 466 876 852 998 632 878 387 699 603 950 939 736 691 430 685 855 544 802 940 637 888 668 899 651 868 780 514 817 656 988 678 933 549 503 510 891 178 560 602 503 630 621 395 698 971 609 582 216 592 984 504 910 999 988 873 594 761 549 650 946 857 520 801 586 763 275 648 646 794 710 815 182 470 790 94 877 869 825 819 956 850 332 781 800 918 556 291 948 577 965 572 332 523 461 817 985 651 763 213 550 575 918 747 836 814 178 175 138 587 735 635 802 35 631 851 847 394 957 987 666 690 711 239 809 514 600 609 778 807 661 888 128 965 865 737 538 189 882 571 511 645 720 806 54 210 726 986 339 574 811 656 906 589 733 572 688 788 885 548 833 660 806 598 802 566 662 626 748 741 124 607 646 574 649 930 453 333 184 39 676 626 780 118 267 649 373 716 433 806 966 513 717 767 988 500 537 101 621 511 918 701 978 658 747 981 565 864 883 653 181 901 537 603 879 775 945 449 835 489 447 838 776 949 884 164 988 391 779 672 415 982 649 948 649 890 507 959 780 659 727 966 766 698 775 760 693 719 895 709 679 697 280 743 913 821 993 818 717 706 617 626 904 919 953 694 723 863 968 511 986 645 661 515 861 589 165 926 17 892 598 781 633 788 818 620 549 824 711 636 693 939 841 436 544 976 518 757 862 768 806 856 823 755 432 628 869 764 983 911 637 560 842 865 391 101 741 394 455 987 933 784 950 950 313 822 70 945 759 571 708 520 509 598 932 876 880 918 729 959 908 766 460 921 702 970 762 381 669 790 698 722 567 851 594 839 988 13 620 81 554 106 704 631 423 658 998 786 170 603 537 328 480 795 876 713 566 202 969 599 952 626 819 777 885 733 426 995 849 822 489 952 843 40 520 743 20 560 605 911 721 182 762 584 639 723 51 946 849 942 532 727 927 570 529 951 882 915 593 69 731 751 947 528 268 884 810 763 533 411 782 567 100 917 557 317 873 754 137 749 930 989 703 752 659 953 869 824 990 891 804 776 752 925 20 935 592 827 702 820 624 855 885 769 914 981 618 932 519 226 815 462 735 638 166 826 785 943 668 981 45 220 857 817 243 278 693 711 760 845 705 714 672 594 842 867 16 896 950 778 910 176 892 617 663 396 120 994 660 947 599 541 810 919 734 702 295 760 994 513 758 859 924 904 679 921 945 734 587 962 926 734 627 828 983 851 445 546 906 597 918 764 697 626 636 913 713 693 921 144 729 321 120 418 632 562 736 829 744 708 192 971 912 614 783 970 646 615 909 954 501 591 650 566 617 570 731 547 669 523 677 513 613 549 713 737 589 631 647 771 923 725 757 860 441 835 984 645 326 835 79 609 606 687 774 643 789 998 991 659 974 638 859 966 973 543 524 906 492 733 755 888 844 688 956 950 833 560 848 582 391 945 520 55 83 339 317 422 328 211 19 609 922 949 553 717 713 252 576 558 603 545 490 641 902 591 612 808 599 605 782 925 927 867 912 912 520 737 845 706 722 946 822 740 418 580 907 745 528 698 767 501 704 730 656 887 971 699 929 577 757 660 577 649 527 501 587 764 951 567 509 398 628 698 289 993 797 948 913 994 955 989 743 842 9 504 622 728 307 676 548 16 516 544 268 604 610 953 645 883 443 626 965 912 909 990 673 944 727 923 607 368 847 645 602 993 517 999 936 89 782 849 870 912 892 651 897 747 646 562 22 558 927 815 678 763 639 863 789 673 931 530 780 376 879 875 733 929 839 614 820 860 986 577 69 521 937 986 827 548 828 548 824 620 131 524 824 695 376 501 429 320 937 555 799 610 633 713 943 545 98 682 510 532 928 981 831 768 830 493 599 911 702 560 243 886 663 559 517 505 794 720 648 677 674 953 564 778 934 242 568 543 789 806 842 545 848 629 789 659 994 942 739 705 620 289 925 549 995 517 663 747 214 331 592 601 401 774 422 960 374 124 743 212 873 775 374 660 773 602 799 545 797 462 679 528 963 917 850 588 622 833 909 630 560 381 366 888 699 372 924 570 125 851 812 629 518 599 456 464 807 914 970 320 699 900 954 703 165 293 421 898 942 940 166 387 607 644 532 769 172 998 572 766 847 571 422 307 586 600 694 911 747 134 868 246 617 613 293 510 849 685 169 487 59 829 267 508 635 933 820 386 118 965 936 587 126 574 627 844 945 846 732 450 499 788 828 41 677 904 952 959 668 477 245 65 707 569 752 948 639 554 850 530 591 973 895 711 623 567 500 898 756 208 868 408 949 624 574 903 970 160 955 592 161 575 525 758 535 716 809 617 688 774 97 830 881 428 845 741 927 85 556 795 706 554 761 751 181 997 812 804 937 762 101 899 902 998 818 752 835 195 898 868 562 317 817 903 730 308 597 592 693 705 517 773 326 642 834 797 130 236 825 860 463 382 752 917 589 700 479 575 820 861 510 568 906 869 714 994 722 561 968 598 977 836 520 700 879 559 868 756 813 970 599 956 853 439 376 751 958 821 765 563 416 917 281 323 755 94 901 939 986 454 734 103 894 766 575 908 259 613 576 755 196 658 960 933 815 499 643 629 584 356 752 595 53 762 655 445 815 405 809 77 866 722 619 868 796 536 293 711 645 979 504 767 794 842 607 941 846 780 620 773 895 568 651 692 163 570 644 935 752 969 667 813 805 510 572 899 160 721 986 583 551 621 727 853 396 294 131 963 943 404 766 848 792 511 883 536 704 912 593 850 861 546 675 762 763 873 880 813 838 514 892 97 838 732 882 881 328 610 601 255 952 524 579 737 134 898 401 945 841 293 608 887 681 385 577 566 239 739 638 918 507 857 858 966 83 914 1 897 609 65 542 964 21 965 607 948 612 698 769 847 800 495 850 950 976 968 508 964 625 546 577 358 1000 777 577 384 693 838 787 619 612 922 80 613 613 738 597 447 468 821 191 646 117 668 630 815 433 279 590 562 682 286 650 882 177 552 696 703 611 527 856 581 970 857 524 900 566 954 58 755 219 988 688 443 635 954 852 417 489 617 657 970 789 932 746 785 679 952 818 825 413 411 616 784 391 540 499 615 790 927 817 649 917 850 857 695 610 905 841 593 963 788 634 21 674 615 3 485 943 420 871 620 995 545 878 851 375 607 943 925 931 360 556 757 565 859 784 829 660 537 973 496 604 511 764 666 850 955 952 135 360 822 272 512 642 295 604 894 961 534 166 980 789 776 558 774 533 950 684 806 888 956 629 701 993 845 849 202 742 802 831 960 192 247 687 784 607 623 727 817 631 41 862 184 941 753 643 289 649 857 800 992 526 861 381 706 573 807 478 950 171 721 877 508 425 604 259 612 957 181 632 516 871 43 871 741 153 944 458 963 570 930 794 530 668 625 611 864 782 43 975 834 797 752 792 773 628 986 904 755 375 653 186 897 718 936 940 941 630 897 930 682 947 636 325 861 786 16 648 155 603 635 28 954 295 487 635 602 811 646 717 725 991 669 933 513 678 998 535 850 139 957 825 629 728 837 612 560 426 905 930 906 626 943 918 249 927 177 542 747 766 529 653 649 339 101 723 502 623 823 589 822 960 598 196 698 743 682 9 815 993 762 847 22 600 200 769 774 836 754 882 426 550 888 59 553 642 792 764 736 716 679 653 814 768 62 311 727 444 895 822 728 999 845 464 837 989 660 921 633 297 674 742 649 772 831 253 846 706 984 871 874 698 481 836 665 666 638 127 766 692 478 999 314 532 319 946 597 947 789 664 904 982 389 589 632 981 536 525 713 738 497 783 283 867 870 441 552 108 725 705 862 892 921 707 750 695 950 28 971 715 626 101 828 462 655 616 760 162 311 942 797 858 633 581 733 722 615 633 525 641 648 440 733 358 816 787 601 175 983 697 981 724 684 539 726 953 538 812 956 253 754 785 615 919 618 893 921 763 881 574 692 837 314 996 993 931 211 113 343 905 747 838 519 976 703 774 175 693 219 324 944 998 779 969 561 743 391 335 559 577 643 918 650 483 990 753 350 610 584 213 793 787 615 747 979 670 975 630 604 70 145 989 604 653 857 437 798 833 20 681 728 591 760 837 815 837 845 867 625 504 570 940 558 820 701 781 888 629 834 882 800 585 692 56 74 610 742 577 192 62 175 579 668 954 26 553 169 351 508 848 894 523 774 878 665 948 543 961 315 820 733 581 871 616 847 964 968 591 676 985 399 970 194 409 620 155 966 519 548 468 900 931 712 580 513 789 568 656 699 992 127 866 589 551 921 857 200 711 499 851 491 937 952 704 997 909 888 45 937 967 597 386 566 603 847 613 752 879 343 300 865 934 540 822 939 827 903 693 885 672 941 243 395 992 851 596 583 519 832 871 634 778 884 858 944 149 917 479 678 938 882 551 561 719 571 639 521 731 752 884 766 608 668 799 540 874 461 534 904 620 577 265 617 177 771 608 10 659 822 631 519 770 777 597 995 535 119 242 672 762 592 714 577 595 612 613 534 719 629 693 727 512 555 854 855 643 924 984 657 802 234 526 761 587 617 716 455 743 616 932 704 536 773 838 542 88 74 626 897 957 133 21 967 906 936 684 899 768 849 562 673 649 925 502 661 897 502 99 911 650 895 790 546 240 399 516 429 351 640 698 959 899 553 941 707 455 894 675 523 594 78 517 556 130 803 546 833 702 874 884 707 564 646 560 541 686 656 556 735 954 926 661 636 726 193 620 615 809 311 905 977 987 853 825 712 734 949 889 709 489 578 744 637 832 260 151 505 907 934 388 632 665 641 676 61 591 358 505 889 292 547 973 380 557 136 450 501 669 546 870 610 586 828 667 146 425 780 78 699 537 748 621 780 888 574 651 826 521 997 810 567 888 359 467 913 748 575 724 621 611 844 711 289 791 619 418 704 839 944 824 617 776 965 808 532 947 265 443 821 484 502 838 369 542 733 252 334 620 921 571 571 746 903 979 876 782 422 721 812 968 396 739 628 537 987 542 951 957 519 853 736 352 916 539 765 109 786 856 872 674 883 618 869 417 244 601 913 664 726 7 909 846 951 688 727 790 748 817 521 550 982 444 712 373 644 491 234 931 146 852 439 992 528 800 831 572 889 955 981 197 670 728 209 640 517 682 525 507 660 437 708 792 695 251 667 702 515 61 811 656 998 888 234 927 656 699 862 633 783 697 852 856 559 687 670 621 765 956 831 195 641 835 793 877 860 750 947 394 867 488 634 180 238 736 765 348 970 59 767 309 830 400 992 152 337 484 761 822 934 928 681 529 887 911 474 889 128 750 709 699 821 979 461 784 674 934 868 592 359 276 758 258 744 543 762 578 514 1000 647 464 919 524 632 671 586 315 979 591 694 504 285 415 639 953 940 541 653 581 721 868 606 675 958 145 566 913 862 450 103 858 560 756 839 451 786 764 699 902 786 737 948 535 642 655 848 221 701 97 938 702 527 666 777 785 993 832 887 624 717 628 594 937 677 371 874 712 505 840 770 38 936 640 947 497 436 732 703 983 639 646 519 645 810 429 303 664 192 543 293 688 273 595 447 579 233 790 600 310 990 734 917 776 502 239 915 732 703 362 548 397 260 239 920 641 219 583 574 911 987 817 803 684 579 511 166 866 951 557 310 543 745 661 898 578 660 991 509 516 340 944 672 888 660 999 135 651 581 293 547 903 725 790 614 622 671 771 268 71 775 148 914 843 597 875 413 981 568 681 501 938 859 542 755 905 678 619 725 802 263 734 623 936 541 828 509 642 699 959 865 371 836 884 855 539 459 607 839 51 847 579 983 702 885 858 559 586 645 230 392 625 833 71 693 231 873 657 699 635 79 669 623 995 85 742 603 803 250 977 754 251 801 115 860 930 669 992 553 845 551 545 905 431 693 729 186 991 850 618 936 228 919 694 907 668 798 552 741 695 558 82 676 428 887 590 985 916 501 628 803 613 784 889 477 980 731 662 976 602 745 781 964 957 813 835 548 155 824 115 622 705 953 818 635 781 986 776 680 673 735 619 757 582 991 920 636 702 829 571 733 454 805 283 867 684 754 791 633 699 571 697 953 722 593 844 973 828 815 165 894 384 731 286 814 862 778 273 610 939 745 762 712 613 617 668 793 754 665 678 974 530 995 630 497 758 760 283 987 558 823 531 814 995 907 537 261 742 540 528 616 776 998 578 626 54 894 895 757 566 489 638 549 906 902 599 527 736 681 890 694 518 763 373 658 689 963 930 656 814 810 671 768 736 644 283 999 870 611 591 984 601 678 753 790 536 750 752 117 231 616 677 858 528 695 889 37 817 642 973 984 800 660 610 941 703 949 765 752 860 939 597 990 691 936 630 549 711 226 940 985 636 967 392 58 982 898 530 951 840 101 879 472 91 816 716 615 967 877 903 679 689 965 582 543 659 932 51 538 519 38 824 91 245 790 508 794 950 929 663 683 536 682 939 947 893 929 504 563 759 671 353 48 926 870 908 717 196 982 662 589 566 489 750 816 954 493 713 745 948 102 349 755 777 941 562 116 584 823 730 462 517 660 204 567 976 777 279 595 526 960 689 652 823 899 330 896 1000 507 804 633 768 644 921 647 940 989 691 831 797 843 974 694 856 876 920 828 692 295 715 821 138 950 874 362 887 701 541 889 571 363 858 150 602 802 778 668 686 377 705 590 504 387 841 569 571 851 817 532 670 843 963 838 457 670 665 437 594 396 657 966 751 403 912 851 131 500 801 573 532 966 659 381 768 959 764 322 768 621 999 691 373 690 924 923 70 702 677 760 758 980 754 703 755 947 278 691 813 315 527 86 663 783 334 954 547 887 543 519 927 922 998 558 771 786 851 758 790 817 931 250 765 854 769 633 806 714 829 393 580 921 109 784 837 640 575 541 898 795 713 849 527 903 549 399 610 956 501 964 828 806 868 482 503 515 822 735 367 887 930 770 870 963 525 559 745 939 863 640 514 866 657 956 640 985 995 932 835 902 708 852 784 94 892 994 763 994 131 642 1000 523 514 884 901 765 957 596 733 927 630 870 788 522 723 575 628 833 771 724 516 544 514 541 511 768 933 609 716 514 490 821 632 1000 832 913 953 727 949 578 892 600 916 975 814 468 402 616 683 793 857 535 226 842 565 516 578 878 711 531 568 230 892 751 98 506 644 754 998 532 733 864 375 874 741 659 565 874 662 581 782 711 525 551 640 527 865 746 793 806 504 806 549 704 753 963 566 942 845 574 645 544 741 562 744 922 856 531 898 720 797 602 698 963 871 259 332 756 506 858 983 535 103 739 672 889 808 672 298 746 545 934 951 988 994 166 952 889 417 685 112 869 872 102 515 729 759 738 939 731 19 832 639 593 776 881 65 595 198 304 645 721 736 585 578 656 951 679 726 594 524 591 613 500 654 929 814 990 370 796 621 744 680 595 51 944 876 12 645 558 806 820 930 652 765 922 647 727 615 874 576 946 120 753 607 808 490 876 503 619 831 785 726 685 608 670 939 768 602 963 888 614 274 210 355 635 985 831 847 656 691 875 892 816 961 459 635 526 150 859 222 705 856 425 707 356 514 712 145 756 814 629 895 501 658 548 826 773 357 763 874 848 800 581 355 922 632 603 986 734 178 978 559 540 311 833 741 175 753 968 785 758 873 992 552 525 842 597 901 965 823 279 883 795 300 31 896 761 670 595 966 862 927 688 693 890 621 920 524 833 936 596 909 885 610 16 589 930 505 42 670 500 930 798 988 662 877 601 962 759 747 800 549 955 937 555 991 917 675 987 595 671 597 754 536 918 895 658 871 957 550 810 750 911 545 916 901 962 640 224 318 961 618 697 711 949 807 539 820 389 991 825 977 544 242 158 389 947 407 588 716 191 994 107 988 592 647 621 954 735 622 961 851 781 898 780 515 678 855 687 853 910 537 766 885 602 866 832 763 118 572 722 518 163 951 708 259 716 614 993 954 863 1000 657 709 589 142 528 931 693 397 654 674 797 880 823 757 871 177 534 382 428 354 208 818 902 654 553 735 836 32 712 653 920 682 567 435 817 843 578 730 634 894 805 825 82 750 629 972 685 717 901 969 601 502 538 726 396 861 858 612 890 624 989 829 506 809 928 923 989 665 201 552 875 538 750 890 980 948 832 517 686 681 991 928 720 647 263 859 502 183 654 721 700 936 640 655 772 690 616 304 272 227 658 936 767 110 790 607 664 1000 841 51 712 833 896 800 648 604 771 995 729 969 853 952 526 23 782 888 828 612 520 605 922 548 802 844 441 736 622 4 46 571 253 869 975 541 617 981 920 947 559 40 833 168 616 978 449 806 337 942 843 669 585 761 964 786 675 511 814 738 117 531 898 772 139 129 379 768 952 501 973 128 977 890 701 764 527 994 350 842 991 976 427 561 849 724 526 862 66 673 967 966 833 550 462 743 801 908 850 674 732 618 753 678 799 258 694 685 101 581 756 634 874 787 919 682 838 621 862 433 702 958 905 336 941 609 677 619 742 907 570 617 825 407 523 149 502 71 752 830 639 823 872 129 552 224 728 178 795 257 181 843 981 720 695 754 531 659 554 84 843 424 575 842 569 941 622 598 505 794 779 34 939 882 815 804 946 984 292 883 908 870 138 953 614 731 669 422 836 726 761 785 648 555 854 577 486 693 525 649 647 999 452 984 258 778 85 625 627 898 185 603 802 981 988 67 725 713 460 718 929 453 768 217 640 29 658 819 539 712 550 179 613 490 927 760 796 644 843 847 727 605 662 871 470 781 706 937 541 516 662 938 799 744 903 781 841 532 811 650 508 559 515 626 710 652 930 669 320 76 626 928 765 210 634 788 900 879 554 639 691 113 713 692 543 920 272 612 968 908 652 62 756 172 993 683 854 680 832 754 996 716 240 976 895 735 888 249 553 537 755 705 467 880 527 937 639 757 697 637 587 588 593 4 557 748 126 557 679 544 822 888 760 932 956 555 808 677 578 427 943 501 717 737 507 657 680 821 932 729 879 563 279 511 390 273 963 88 750 715 862 912 578 205 610 979 923 794 828 902 856 633 937 798 857 953 524 610 796 599 377 835 706 869 499 830 880 414 719 419 888 378 954 700 629 514 140 524 213 549 868 972 618 907 372 464 885 925 858 606 885 337 764 905 768 592 521 659 895 619 17 661 564 509 662 904 624 793 507 931 503 788 678 809 757 757 514 134 979 882 143 863 907 862 788 642 725 52 319 593 664 914 7 902 767 102 844 836 514 945 735 708 817 520 868 212 352 826 652 92 358 736 814 648 277 857 591 176 119 700 171 779 930 807 927 215 606 56 558 383 51 690 983 864 330 672 345 755 584 759 812 688 938 401 861 24 364 747 957 184 22 901 270 930 713 984 887 526 461 106 583 966 334 665 848 911 738 604 855 969 665 957 393 625 752 972 720 947 698 280 904 505 883 888 983 980 941 703 676 609 660 302 930 650 548 504 631 205 757 543 865 814 912 777 836 675 929 939 750 524 568 691 759 750 721 731 570 982 549 635 535 872 599 604 647 961 273 964 990 773 705 742 554 81 181 505 771 831 870 580 547 610 693 240 719 888 753 50 845 766 603 267 615 515 904 616 648 916 902 789 531 584 898 742 896 566 948 526 173 968 498 719 449 816 89 973 695 702 679 418 815 595 534 770 690 967 889 609 809 445 554 964 535 660 752 710 43 993 383 752 991 622 930 142 636 29 962 625 17 586 603 860 794 656 598 848 336 974 967 944 450 975 590 867 591 977 659 603 918 961 805 799 785 854 746 441 728 733 781 816 922 816 53 820 652 985 731 821 782 651 265 685 638 641 760 899 603 615 732 915 525 829 429 963 609 606 545 593 753 992 796 916 736 874 270 494 193 637 729 809 612 61 666 678 388 851 47 853 508 569 711 974 369 932 865 569 716 644 839 883 962 501 802 914 815 423 871 530 572 97 550 190 170 912 538 748 611 559 71 544 576 873 799 718 581 583 828 985 659 168 997 851 577 868 859 988 996 643 671 476 719 840 814 668 55 850 752 200 932 149 793 833 897 743 683 751 506 180 596 525 729 864 487 563 692 695 602 943 549 571 994 775 859 541 619 305 787 361 927 796 431 546 661 302 214 670 194 907 768 879 922 602 733 955 68 589 299 865 980 885 751 535 297 292 776 943 309 816 800 627 520 866 751 902 821 145 176 637 894 920 282 557 531 999 928 907 665 714 225 712 984 917 968 716 624 671 889 728 828 645 815 583 515 744 736 385 171 685 99 879 828 897 606 999 805 715 689 632 936 593 850 205 202 516 904 652 524 841 732 627 882 711 679 819 997 344 909 728 972 834 104 514 599 862 751 957 228 766 693 691 878 827 756 117 528 756 522 624 958 438 743 185 938 553 583 592 861 908 660 921 946 877 575 536 129 944 514 147 632 700 579 568 816 958 539 985 559 529 300 815 919 679 872 985 643 824 781 646 523 693 998 892 862 916 766 2 912 837 766 873 690 896 788 993 938 658 513 24 878 802 608 895 534 915 866 987 968 790 748 817 687 593 163 867 938 701 404 989 422 636 971 278 613 806 799 805 161 933 916 867 834 667 876 39 182 97 470 675 731 664 694 373 889 600 777 539 442 529 689 885 602 574 759 999 550 992 854 824 807 725 629 671 660 62 501 563 522 996 403 904 45 688 690 741 436 3 684 824 758 85 369 797 514 135 591 335 535 941 792 594 901 745 10 916 550 893 824 154 750 982 842 366 500 685 543 149 984 627 814 609 712 647 610 553 631 714 724 180 652 507 855 938 860 815 435 206 867 412 912 558 856 826 848 668 967 462 222 757 822 680 359 236 959 771 669 533 699 248 802 845 694 516 166 857 677 772 648 991 856 322 991 349 825 523 373 652 165 822 748 822 806 620 549 319 584 859 732 804 923 807 997 746 1000 887 638 829 675 110 433 773 878 807 706 545 828 254 586 474 789 407 827 828 842 947 971 653 805 586 909 1000 129 320 155 733 802 561 956 379 616 998 630 807 601 516 714 842 935 553 789 889 800 738 571 803 774 808 785 833 256 637 668 690 619 625 315 840 943 756 661 606 798 184 954 849 821 697 656 948 490 809 971 921 635 624 375 590 868 14 355 817 615 656 695 517 354 891 951 642 239 619 439 846 595 893 166 404 502 992 850 329 830 525 794 863 448 624 816 488 726 515 967 779 553 528 602 968 809 984 811 592 980 775 900 494 972 713 652 801 702 183 910 699 888 930 274 789 551 829 647 593 559 238 528 891 230 660 930 638 958 747 510 792 787 727 21 704 842 658 508 910 759 916 655 788 961 674 976 870 520 123 485 750 496 653 510 197 983 839 795 745 584 103 512 924 74 867 629 906 792 800 646 607 821 941 985 819 544 960 623 331 532 760 147 548 971 786 215 891 603 869 273 797 264 380 815 565 852 705 906 582 909 572 510 821 615 828 826 974 876 265 833 706 456 565 751 680 375 877 71 202 637 711 880 615 618 736 565 558 590 767 764 964 889 932 687 679 616 372 740 324 779 663 73 768 724 773 939 971 417 871 459 631 983 954 929 979 748 810 549 138 885 766 729 863 625 604 646 738 565 516 940 945 664 705 660 343 822 785 595 634 58 726 356 677 858 4 641 718 529 913 636 554 997 223 752 634 825 938 867 653 737 7 630 809 707 609 899 713 474 748 937 803 1000 703 641 238 965 760 510 788 910 126 528 705 849 646 807 604 709 407 600 806 704 982 981 431 519 753 609 110 905 851 938 888 368 640 951 65 693 936 772 171 203 667 868 776 927 583 621 825 811 953 222 628 298 716 799 655 917 511 236 826 610 748 892 746 559 691 627 36 891 388 596 936 405 8 795 911 558 741 539 715 682 296 921 581 776 910 632 631 285 747 661 584 834 857 704 640 263 986 668 968 500 903 870 22 953 742 497 525 285 623 966 677 577 103 545 870 629 358 925 759 528 874 517 920 520 437 996 22 997 616 354 644 568 732 690 842 909 682 960 156 943 460 968 159 918 554 547 934 500 598 527 371 859 903 254 598 868 53 625 213 847 38 883 869 749 71 550 638 844 1000 705 620 950 597 659 946 599 518 756 746 992 208 552 731 968 962 653 905 738 700 751 528 874 608 735 630 197 833 884 436 178 587 921 544 958 616 681 395 678 532 942 839 810 753 879 989 592 907 722 540 945 620 880 525 628 974 764 932 789 780 840 822 95 569 858 90 779 775 988 657 401 623 383 862 894 750 724 580 657 523 810 637 1000 705 715 809 501 877 565 799 668 860 865 525 102 715 818 837 737 553 964 405 792 259 559 884 677 773 823 903 700 520 816 824 794 453 266 564 882 878 997 525 840 527 910 852 757 949 526 337 807 878 790 209 945 931 639 744 50 233 36 683 740 748 408 120 832 676 656 981 887 508 912 780 955 766 747 888 795 935 639 92 467 840 786 965 517 753 215 565 947 759 253 820 739 982 829 166 660 111 965 885 515 945 649 727 265 946 844 535 578 236 722 502 88 406 688 89 867 542 614 906 648 585 562 166 597 829 964 881 687 997 236 620 198 832 839 743 287 334 769 392 902 335 536 976 676 542 602 808 743 575 843 840 353 953 741 794 334 84 359 479 297 624 590 922 650 683 771 922 755 804 963 862 880 540 586 614 914 416 647 921 767 818 598 346 611 883 510 797 524 664 879 648 542 582 489 963 648 534 766 760
