591
4.07514 0
36.9218 0
44.0578 0
22.6896 0
34.1395 0
13.1353 0
15.8981 0
38.13 0
3.51709 0
32.3245 0
31.1519 0
1.50778 0
7.07715 0
27.819 0
8.76426 0
49.2067 0
32.1735 0
36.7709 0
28.8566 0
38.204 0
35.4504 0
23.8451 0
33.7251 0
43.3538 0
19.691 0
38.4368 0
32.6552 0
2.78048 0
25.5692 0
48.3431 0
30.2444 0
29.6444 0
35.2649 0
24.3022 0
2.33392 0
19.4044 0
37.4375 0
18.232 0
7.53437 0
40.9545 0
0.55653 0
38.6863 0
42.4623 0
7.63368 0
16.5053 0
1.22658 0
6.8404 0
48.6787 0
37.9974 0
35.697 0
36.8828 0
23.4479 0
9.54213 0
20.6078 0
16.8016 0
29.2331 0
9.04463 0
49.4568 0
32.0136 0
34.6139 0
47.7999 0
12.258 0
14.2582 0
33.0648 0
36.5601 0
16.5922 0
2.46917 0
23.9976 0
34.8242 0
10.0035 0
14.9521 0
35.3807 0
48.6898 0
7.41445 0
43.0144 0
15.1951 0
8.64104 0
49.8548 0
13.8738 0
46.6385 0
35.5518 0
0.756614 0
20.0864 0
45.0939 0
21.3645 0
36.888 0
24.3271 0
30.4091 0
36.3448 0
6.34066 0
15.023 0
34.1447 0
18.5986 0
29.2812 0
17.2095 0
5.15873 0
45.8734 0
19.6787 0
29.1563 0
30.6975 0
29.6822 0
44.1084 0
16.0783 0
28.372 0
1.52289 0
9.09266 0
43.5671 0
10.1639 0
8.94745 0
7.44099 0
6.80241 0
44.4993 0
8.19761 0
26.8888 0
39.5932 0
29.5621 0
13.7768 0
13.9203 0
9.97115 0
0.121599 0
20.2609 0
24.9941 0
34.2663 0
38.8595 0
4.2753 0
1.47585 0
44.0183 0
0.14865 0
21.1545 0
23.1746 0
30.8462 0
0.836774 0
17.283 0
46.9244 0
29.2088 0
18.8059 0
6.0171 0
22.776 0
28.9698 0
14.9646 0
30.217 0
35.7722 0
9.46381 0
38.4146 0
12.661 0
49.057 0
17.9766 0
26.4378 0
12.9773 0
27.9478 0
26.5594 0
33.2382 0
2.94187 0
10.8257 0
22.0977 0
7.21717 0
12.3016 0
16.116 0
7.36582 0
33.4561 0
39.2906 0
38.212 0
34.2929 0
6.57358 0
35.1365 0
13.5017 0
25.3795 0
41.1536 0
36.2777 0
4.34932 0
6.11811 0
16.4946 0
40.1216 0
15.5819 0
4.90917 0
2.78259 0
14.6389 0
22.8858 0
29.2204 0
27.6162 0
0.83356 0
5.77975 0
10.8544 0
3.77543 0
16.6055 0
32.9521 0
10.9926 0
28.907 0
49.0681 0
18.3584 0
12.3631 0
38.3587 0
6.57043 0
46.656 0
44.9322 0
41.7069 0
10.1577 0
20.3117 0
32.8604 0
46.4354 0
24.6611 0
38.9785 0
12.93 0
14.7826 0
4.56046 0
17.8392 0
17.5652 0
19.1994 0
40.725 0
46.7856 0
46.8156 0
41.5585 0
2.56533 0
7.67 0
45.334 0
19.1708 0
40.6221 0
6.32657 0
48.0778 0
39.6902 0
24.685 0
10.441 0
28.0489 0
31.2554 0
7.09701 0
22.9811 0
22.9623 0
17.2547 0
43.2929 0
5.82273 0
13.6901 0
17.9539 0
44.8013 0
26.6202 0
32.7366 0
49.3617 0
44.4593 0
0.301767 0
18.5611 0
35.1843 0
47.0873 0
15.3767 0
26.7429 0
49.6527 0
23.0467 0
22.0768 0
18.8235 0
13.6688 0
28.4034 0
16.9013 0
3.35906 0
3.0884 0
27.3423 0
31.408 0
34.3438 0
34.4393 0
4.38909 0
7.30611 0
1.69402 0
47.682 0
13.1288 0
15.3842 0
15.6359 0
7.9301 0
42.0043 0
48.3724 0
7.29182 0
36.4637 0
48.6742 0
25.8529 0
21.648 0
45.7616 0
41.2296 0
48.3909 0
45.4142 0
14.2764 0
20.4677 0
14.2377 0
27.9452 0
48.8711 0
31.139 0
31.3043 0
1.95952 0
8.48128 0
12.7122 0
36.3033 0
42.9206 0
17.1013 0
43.6094 0
44.6146 0
14.7833 0
6.73828 0
9.99874 0
30.4191 0
14.6684 0
2.00307 0
28.7916 0
21.9602 0
38.4667 0
27.4658 0
47.8131 0
10.1147 0
23.2274 0
39.0428 0
8.50561 0
18.6416 0
3.31914 0
28.9733 0
32.8793 0
31.2643 0
27.8445 0
14.0183 0
12.5686 0
29.804 0
22.4996 0
25.2808 0
16.1073 0
15.4201 0
42.3821 0
9.71676 0
10.0347 0
7.16534 0
16.455 0
20.0335 0
37.5845 0
31.1234 0
22.0365 0
16.3761 0
3.08362 0
10.5033 0
43.8419 0
0.896757 0
20.618 0
17.0692 0
39.9395 0
29.1236 0
35.7108 0
43.2587 0
8.09695 0
18.5901 0
24.523 0
35.9414 0
32.6084 0
37.0916 0
15.7454 0
5.10797 0
12.3724 0
31.8527 0
20.5281 0
4.75444 0
41.5695 0
30.5628 0
11.9198 0
8.02449 0
0.596268 0
49.5043 0
39.1479 0
22.6328 0
15.8803 0
42.2315 0
33.136 0
9.72221 0
43.1283 0
3.75405 0
26.7914 0
33.0678 0
32.8777 0
12.5022 0
26.3265 0
40.9746 0
31.0923 0
0.849505 0
26.916 0
13.7007 0
37.9411 0
42.6614 0
18.8087 0
0.313448 0
24.5141 0
39.3368 0
5.06789 0
16.0835 0
19.8996 0
16.9877 0
24.108 0
20.4959 0
16.4919 0
13.2559 0
43.1287 0
32.3723 0
5.48746 0
26.2647 0
42.0945 0
48.6157 0
30.0188 0
18.8859 0
31.6836 0
12.8965 0
31.3882 0
8.01007 0
3.87107 0
12.4805 0
8.85958 0
30.7871 0
26.1812 0
46.8007 0
23.4485 0
44.9899 0
47.1141 0
47.9625 0
34.3268 0
2.182 0
14.0461 0
4.22639 0
19.1697 0
38.1541 0
24.7223 0
35.6616 0
1.41001 0
17.851 0
18.0339 0
6.89747 0
44.1157 0
10.1284 0
5.51322 0
24.1345 0
29.0144 0
37.1968 0
37.0309 0
10.4025 0
45.2069 0
40.902 0
22.883 0
4.06644 0
21.6891 0
49.0643 0
0.86711 0
45.1375 0
44.0542 0
47.9812 0
43.1001 0
28.381 0
0.163227 0
7.14616 0
32.6074 0
19.3329 0
45.3002 0
7.32964 0
4.99453 0
46.7103 0
25.1806 0
23.0284 0
3.60773 0
19.2963 0
33.1569 0
9.12095 0
43.4308 0
12.1712 0
46.3177 0
30.4617 0
22.5737 0
41.5246 0
21.3637 0
45.4568 0
45.5911 0
43.0528 0
44.521 0
46.4582 0
38.1904 0
38.5753 0
44.4394 0
31.2904 0
16.9562 0
44.6026 0
38.4366 0
49.5636 0
13.9355 0
33.7368 0
6.89322 0
18.93 0
30.4471 0
32.0738 0
41.9585 0
34.0548 0
1.37013 0
25.1154 0
43.1758 0
44.8009 0
37.2866 0
39.4935 0
25.2626 0
9.86031 0
31.0181 0
46.6264 0
5.31708 0
26.6092 0
39.6792 0
49.8381 0
23.0674 0
27.8695 0
38.4134 0
17.5067 0
9.15998 0
5.3696 0
12.1094 0
47.5966 0
4.93318 0
26.0449 0
31.3334 0
11.8264 0
44.9749 0
11.7805 0
43.9002 0
36.9334 0
45.8354 0
45.2703 0
12.0488 0
39.0112 0
40.0713 0
49.3353 0
28.5047 0
15.3339 0
9.19565 0
9.52285 0
11.9603 0
14.5127 0
36.132 0
1.63945 0
14.3509 0
9.1994 0
29.509 0
2.76423 0
26.7061 0
38.669 0
8.13384 0
38.8155 0
36.2655 0
13.067 0
14.8604 0
17.599 0
24.8934 0
9.83528 0
29.3795 0
18.7936 0
46.7687 0
25.2149 0
14.064 0
8.81746 0
14.2261 0
4.13525 0
8.15279 0
42.7308 0
19.4692 0
17.3484 0
2.25361 0
31.4294 0
31.8612 0
38.3857 0
33.0689 0
46.212 0
47.5851 0
12.5779 0
48.9763 0
24.2912 0
1.24683 0
7.1101 0
13.1067 0
37.5124 0
20.1771 0
27.9671 0
5.11134 0
45.0705 0
37.8023 0
34.4908 0
13.8642 0
34.571 0
9.70572 0
27.9281 0
43.3885 0
23.9318 0
32.0634 0
1.54128 0
16.6625 0
1.53254 0
18.8897 0
18.9161 0
32.962 0
0.750894 0
7.3018 0
16.0309 0
46.9629 0
