100 100
-88 -43
-7 -57
-55 92
-22 -93
-76 35
72 -30
97 -73
63 -34
-45 -69
-46 -90
-82 -90
25 18
-67 40
33 26
-16 -82
47 -4
-25 92
39 -28
84 70
-21 -92
5 -96
-70 2
-69 46
20 -13
29 74
-51 47
36 74
-83 21
-34 3
-53 51
21 94
99 96
87 -9
-80 71
-39 -1
32 66
3 14
-80 -13
-40 40
26 89
-34 27
-11 -97
1 6
24 20
-91 72
-29 30
18 -78
-22 -43
13 -2
81 74
50 -35
40 -95
79 60
-8 -60
-48 70
81 19
-3 -30
22 51
77 98
-29 38
22 -6
-79 -59
16 -1
-50 -70
50 -69
56 0
-4 -3
-43 -24
-91 50
-32 -38
20 -51
81 70
-28 -45
21 -99
-47 92
39 76
-62 60
69 54
-88 -81
36 62
-97 -7
-86 -1
90 -29
27 51
73 95
-87 -54
97 46
-84 -31
-99 37
-30 -93
-19 61
35 19
22 -44
-27 34
-73 62
-52 -70
-45 -38
30 97
-15 -43
48 -41
-95 14
5 54
-88 -27
75 66
-90 97
73 -9
58 -40
-90 -20
16 -65
66 43
97 66
74 -96
80 -44
-99 -34
-35 2
25 -78
68 82
76 80
-45 3
46 -83
0 -29
-40 -41
31 -30
-9 99
-43 -90
43 -93
76 -31
-89 57
25 65
-77 42
-81 0
65 87
-66 -7
67 -59
97 -34
-42 -3
37 18
56 -79
40 -52
-80 49
-90 63
56 86
84 20
43 -39
-15 18
-96 -44
70 21
-57 -96
-86 62
97 -89
-72 -93
9 18
-23 -83
39 69
-83 59
19 -73
-25 -73
-86 -89
47 9
-27 84
-72 -71
-60 98
50 -65
55 64
98 52
28 78
60 -63
-52 89
-94 39
59 -76
-1 -22
-49 26
5 -83
-11 -95
27 62
41 7
43 82
-43 -7
-83 -88
-90 67
17 38
-2 -71
27 46
-82 33
-14 77
9 37
-93 13
-85 -35
30 4
-30 -91
-81 63
16 62
45 26
-92 15
38 70
-18 -93
-40 32
88 39
-21 59
-28 65
