100 100
-84 -38
-49 -91
-18 -99
36 -65
24 87
-3 -98
91 3
-54 -93
50 -62
97 -30
-73 45
3 -86
32 -80
-42 -63
-20 87
11 -52
-99 62
-91 -65
16 -3
-29 -60
-16 20
95 -25
-77 -59
-65 74
-69 -68
96 -90
29 -1
-76 -87
-29 -17
-49 3
-78 62
3 76
-23 12
63 93
-90 86
85 -54
7 80
-26 -18
73 9
-44 -96
-7 -48
67 -77
3 91
-64 75
-74 -61
-70 -99
54 34
29 83
98 -8
28 -92
-21 13
-93 38
-54 -19
-80 -81
90 -23
76 -17
-19 43
-42 85
34 -53
12 13
-14 42
14 92
-72 -57
75 -73
-13 3
87 66
69 94
4 -85
-25 25
86 -35
54 62
1 87
-43 59
24 92
58 88
-43 97
31 71
89 11
66 17
38 -95
-80 26
72 89
20 -72
56 96
5 43
-87 -89
-43 -34
99 15
78 -25
-41 36
-36 16
33 47
-61 -25
-42 57
92 97
62 -88
23 -14
54 95
15 -38
43 72
-95 9
84 -85
75 35
30 53
-90 41
-58 -74
-91 75
73 -99
-50 -68
57 94
81 -29
-93 4
10 13
-49 77
75 47
49 33
-44 -15
48 83
-80 -70
37 83
23 31
-91 32
-42 83
32 -39
67 -59
-45 48
-36 -38
-96 74
27 -45
51 3
-98 -47
88 -90
38 -12
94 59
18 -17
-6 -59
-86 3
25 -28
-62 -91
33 -95
-98 89
53 -34
-97 9
-59 -17
65 44
38 19
97 26
-18 36
-86 -24
-53 -16
59 41
-23 25
96 -98
49 -65
-89 -65
92 -87
-76 46
-69 79
-93 -76
-86 24
69 52
-56 66
-22 -22
-46 -8
54 1
76 -35
94 -95
42 91
-93 -9
-74 70
26 70
35 2
-32 67
-66 -24
91 -52
-99 60
-99 96
-21 -21
-26 -15
24 -72
39 -48
-55 33
-42 87
-24 -83
-21 -46
88 57
-75 23
-40 -7
-58 -6
69 -66
-6 70
46 -5
66 77
27 93
-37 -97
-79 -98
-93 -81
-13 -83
-94 64
-65 -63
