1 100
-7734 -5022
5143 6696
-4153 3410
9610 5685
9174 -2795
-4311 -6481
5299 -5603
5315 -1183
1273 -2937
5172 2496
-7457 8898
-5209 -3950
-6517 -2421
1311 7025
5136 3142
6498 -7411
-2105 5708
7800 6478
-9030 -4519
5108 2460
1653 4213
6006 -1689
3251 1268
7382 792
7599 7052
6612 -8136
-7666 7082
9847 -5371
-7668 -6027
-9917 4714
-1418 -4783
7216 2396
135 5942
3462 -6124
5248 -6081
9656 2217
6879 2216
7149 -928
-1009 -1144
-2463 -645
6324 -7602
-2671 -4852
-6538 -1668
-8622 -5536
-9228 -8956
8323 770
3590 -6329
2189 7001
4540 7519
140 2395
9976 -1898
-1465 -4505
-8999 -2233
-7685 9678
2945 -3038
8755 7064
-8820 8607
-9182 -796
-1863 -5389
-3633 -6925
-2865 8494
-2712 -8194
-4277 -6020
-83 -6447
6664 624
395 4912
-9216 -557
9130 6863
4358 -1977
5149 -4587
9185 -699
9960 3646
-8325 5485
4572 3513
6018 -4258
4688 -9858
993 6294
-8257 -8728
-6550 -8864
1357 -989
-413 -3810
6838 2404
9544 -8863
590 3787
-3535 1503
-8502 7434
-3866 -6311
3388 3463
-3027 -3571
4860 -1111
9901 -8681
-2034 -1420
-5125 -8363
-1260 5325
4441 5644
5344 -8326
5846 -8564
744 2818
4610 -7361
8276 6802
1356 -204
