3000 1503
9 549 2283 584 907 1939 1735 649 2425 1781
8 239 448 2210 2247 412 1069 1008 991
12 603 753 2192 2643 485 730 2055 2850 1481 2791 1046 539
5 2989 1070 521 1818 2930
7 431 237 2557 1507 604 2534 1215
10 2123 2426 104 1895 2610 979 2341 1901 173 2773
12 2957 1520 2726 713 514 1296 745 2374 2427 805 421 2360
6 579 1898 2106 2333 2007 23
8 2548 1029 1310 1422 2473 805 1058 599
7 2175 1429 1804 992 2252 474 1415
8 1949 1553 1562 1535 2037 1255 1865 908
10 2935 1814 2033 424 2120 2227 2630 2536 1979 404
9 903 954 2067 1513 189 1043 1972 885 652
9 498 925 2725 1862 1688 2438 2860 2455 2803
8 2484 1766 1683 1357 1685 2850 2383 443
10 1837 2754 1730 2748 526 2592 1030 2268 1892 2795
11 2263 310 2191 939 2752 2287 1735 1472 598 236 1382
7 1419 1977 2321 1205 2642 849 2293
8 630 59 1070 2919 2779 183 511 908
12 2488 234 1588 2229 2298 2810 673 2039 801 2598 251 991
10 2447 2675 2840 1665 1323 1960 594 552 2383 530
7 415 1203 1542 779 1314 2270 2759
8 2712 2436 506 362 1141 1537 1427 634
9 451 1189 939 2802 2571 189 1413 1775 2025
8 1614 451 1144 1011 2604 831 2383 2560
11 36 246 150 1462 2760 2732 2809 2808 1414 2498 915
11 158 2705 209 922 1685 1076 2190 162 1719 2344 2036
8 2167 2318 2400 2629 2203 1741 643 2130
6 516 1277 1070 2544 351 2171
10 1805 1204 1607 2825 465 132 2201 2844 2936 2728
7 2721 1290 1185 1708 779 2387 726
10 428 170 2512 1409 2309 2861 1166 695 1674 1771
11 1097 1760 1254 942 2835 1916 657 1300 1074 242 1810
9 2819 1162 1411 847 2916 987 1074 1997 1561
9 1618 255 2992 449 137 1383 2170 538 2443
13 2228 895 1627 1407 708 1273 2772 54 229 1836 2828 371 1546
7 1301 1169 600 444 552 38 1719
9 277 2888 489 1105 2860 1515 629 644 2687
8 2697 916 1015 252 773 110 371 535
7 771 1570 2629 2706 1674 2658 1001
10 917 2466 1228 253 1274 2627 2362 231 396 1660
13 498 415 2060 1025 129 929 966 80 721 62 152 1771 2560
9 1801 775 723 939 612 1804 979 110 661
6 933 1870 1368 1146 2636 110
9 45 1359 1147 1207 1677 376 1728 2296 697
9 2367 2282 2969 2817 2345 2258 1043 849 1382
9 2477 1016 2869 2288 1202 1071 789 2316 2815
7 13 571 1939 1787 2591 2833 1250
11 1151 1571 276 967 2099 348 2959 856 105 1432 1500
8 2866 2231 1795 1124 1045 1252 1944 1139
9 2078 240 2696 2068 1298 1038 653 656 932
9 2116 1498 2967 742 1274 794 2845 511 61
8 1221 955 304 1243 2247 2387 38 951
11 145 1032 1636 1794 6 1748 1860 437 354 2197 633
7 160 2793 2884 221 1777 1823 392
10 711 2283 1338 1720 1525 1631 1041 2412 2665 390
9 1529 1891 1253 204 1319 1141 1694 1053 7
8 1016 2124 2016 480 2513 113 1546 638
10 1885 98 2969 2030 1650 2438 856 2138 1784 188
11 2263 917 218 1237 865 241 2649 2181 299 2304 2002
10 2945 1614 1224 2240 1708 1474 1938 980 784 1647
8 1200 2514 2071 1373 2039 1825 1822 2156
8 2855 2053 145 181 2177 1241 529 2366
10 2346 2721 630 2555 2347 1592 2068 773 2127 1575
10 1349 1554 226 433 1853 2269 2772 2065 1734 1533
11 2889 2712 6 2629 1880 2944 341 538 1534 671 1250
10 1257 2793 808 408 1253 17 256 738 2384 2154
9 2623 518 1497 2854 1919 2567 2881 2665 1480
9 1502 1088 2835 2099 1519 2325 262 761 2293
9 186 1496 1631 1748 2178 1232 2316 1793 2521
12 2812 962 1179 1328 1566 221 407 1947 31 937 2673 1560
9 467 4 1524 716 902 750 2834 1926 2156
11 1770 1663 2677 2152 1085 559 2559 750 1269 1601 219
15 2543 1607 1802 793 1184 1217 672 345 2065 2007 1541 1731 2352 2137 1810
13 1805 2984 91 440 1638 2083 2784 1975 1818 318 279 2822 342
10 1240 331 483 1330 273 347 2343 1603 2383 1841
10 1554 1837 1244 1898 1572 2242 2830 1255 1852 2366
9 246 2545 2761 2656 1136 572 1180 598 2156
8 1010 1293 793 2287 2804 867 1325 1575
6 1419 1285 2423 2217 338 2837
9 2729 2422 2144 1884 2420 1700 2270 1327 1779
9 2421 2699 1146 1747 585 1634 959 298 2813
11 2373 1050 2626 2463 1572 2916 2552 2357 2153 1477 2832
9 1276 1902 2692 2091 558 46 2741 1714 2081
15 2430 1042 391 2211 2623 2906 1429 2972 2379 1303 33 2559 2908 1452 1337
10 78 153 2450 1179 1567 1305 2317 1537 1432 2547
9 1817 2675 131 2173 737 1628 1622 2351 1871
10 1120 2277 2265 56 559 2361 183 1335 1404 2133
7 883 2572 2611 1918 2439 2114 1139
9 2585 744 865 2497 593 366 197 2331 2849
10 1436 45 1567 408 1514 161 183 2534 734 1480
11 728 2671 1736 1578 2738 359 594 635 2515 2839 1714
10 1186 2753 1983 1860 2334 2122 169 1030 271 2143
11 1554 927 1767 119 624 262 1318 113 2469 1004 2702
12 1900 2053 1664 2925 2821 2146 2921 132 1739 1931 110 2758
11 364 618 678 2029 1107 950 491 211 2786 2485 2560
11 1100 1182 277 104 1169 367 1383 724 1781 1119 295
9 963 352 1645 2597 948 894 2316 2366 381
8 1586 123 2562 2744 1150 1133 1318 1601
12 2568 961 2882 852 544 2656 357 859 152 2197 20 2827
9 1137 739 401 1211 56 1161 214 2990 292
11 1550 1478 1929 1573 820 514 1506 296 1439 2993 2728
9 2151 484 1720 2672 1346 1854 1218 2714 2728
9 2722 2697 775 1828 1310 1446 2931 958 682
13 1958 1090 451 447 1442 189 2829 19 2388 1750 1953 651 599
9 1470 2330 1293 1328 1150 2954 47 2591 435
8 2187 352 1884 1695 2031 2237 1990 1676
10 961 1285 1830 1567 1539 867 2517 1458 330 788
13 1339 1894 1013 2211 988 360 2030 2818 838 882 2487 1477 2096
11 896 1379 925 1570 1014 2008 687 2418 1843 188 2344
10 1340 2937 185 221 344 1735 126 1877 1051 691
10 2906 1211 2696 2042 918 2809 2503 2297 746 251
11 145 1870 1162 1159 2019 2105 1055 338 2252 2250 32
7 883 2468 787 276 2804 2634 1008
10 1679 1158 754 129 1253 2655 2544 421 1576 260
13 802 797 311 2925 2159 90 2656 1341 1005 2297 345 1439 1874
9 2062 147 2305 56 2863 840 986 746 1053
11 954 97 414 140 1077 296 1019 2086 941 25 870
9 2277 496 2386 1891 1559 1241 481 1058 936
5 688 1987 1530 2733 823
9 540 993 2375 135 2784 1880 1629 2485 2069
8 2671 550 596 2858 142 1787 511 84
9 2539 972 367 558 2502 1375 427 761 1485
9 780 50 1641 2917 74 2189 256 2220 2837
12 1945 2111 293 2445 2066 1536 719 1231 588 338 748 512
11 2111 28 802 2493 506 2664 1936 127 1696 1511 2180
9 1956 1181 449 359 2082 1654 1286 997 2344
9 752 484 1663 2186 348 2552 831 2622 2156
10 451 2194 2914 144 2685 987 1972 565 162 1267
9 2925 1773 542 2497 2552 298 2515 2383 280
8 706 2929 1391 2017 887 936 901 1250
10 1342 985 2970 2874 2831 1747 2559 2439 607 461
13 431 744 1102 335 1278 1231 587 987 1483 2985 1363 1943 1597
10 1594 767 2284 2135 2562 1279 8 1145 2476 342
10 2566 1137 2264 2146 1373 1975 2459 1705 2640 2081
10 2788 22 45 131 331 1059 1241 826 243 782
10 2707 699 2432 1710 1092 334 559 2051 1400 2381
10 1210 1830 1571 1179 1913 824 2859 2688 2200 2286
10 2506 2690 2032 2022 977 1987 684 533 799 1705
11 2729 2570 367 499 721 1903 532 349 1847 1704 991
9 2945 2159 1839 1544 897 1233 1356 1910 309
12 1554 1814 819 612 1446 2287 2376 1199 320 1469 55 1847
7 1280 2234 1748 965 299 40 1810
10 26 146 2322 1244 2238 2173 1357 892 1086 2349
7 1288 1249 1505 2203 2427 1863 1350
7 1151 1021 2909 1260 2338 2492 528
8 1875 2735 1440 648 503 1731 2560 2385
8 1111 2575 15 1536 273 867 1474 666
9 1111 1204 2660 1820 2011 2808 1362 2708 1128
8 1276 1983 2823 2604 2412 1996 113 266
11 500 323 2372 2054 502 2311 2755 1378 1811 1874 2740
7 971 1797 2323 865 2768 2620 2204
11 4 2202 1347 1920 2264 556 580 124 1450 2041 314
9 1529 2022 2092 2120 2961 38 1786 1849 1333
9 2700 1663 2098 2244 707 824 1451 2673 2329
9 1508 306 742 2659 2209 57 1491 300 2349
11 2948 2158 2869 2553 325 127 1528 2731 1901 1289 1001
7 896 1293 43 2602 184 2893 821
8 1617 909 2519 551 1132 2080 2272 369
11 1075 2874 1265 1659 395 657 566 1557 1212 1353 2402
9 2151 2468 401 367 850 482 457 1575 2174
11 1187 199 1978 1025 1951 2258 773 2361 1699 2199 511
8 2548 1971 221 1691 1356 1775 390 2401
7 1280 586 1316 2600 2734 2461 1518
8 239 560 2995 546 801 183 474 1128
10 178 1440 1556 2841 2024 958 2391 1583 2336 1500
8 1680 2437 1724 2311 101 1167 2388 349
8 44 2906 311 2251 1126 1335 1816 2143
10 2951 104 1989 1497 304 727 1405 2547 2661 84
11 1752 963 2435 1266 2533 2291 1243 376 1252 843 2349
9 616 2932 2099 2768 2271 57 894 1414 1398
9 1512 2010 136 1031 1931 1471 268 1731 599
11 2737 1309 1162 1092 741 2854 1471 2396 640 2714 1500
10 1389 72 2678 1408 436 347 1297 724 1549 981
12 2211 814 1819 2942 159 1072 2270 1432 1850 198 1934 2795
16 289 1365 2445 2819 596 2307 1146 2146 657 366 1138 1405 2472 651 1500 2133
11 1770 323 1641 1488 458 1646 984 231 269 2360 1849
8 954 1570 430 2858 1936 2554 32 1398
11 1259 2981 1036 2558 2672 1984 191 1811 303 932 49
7 2946 2782 449 2685 562 1164 111
14 1929 2318 230 905 1388 617 247 2942 1581 132 201 910 432 2842
16 418 2625 2126 2996 2023 1683 1184 1796 2682 407 2232 2944 2225 529 1405 1994
10 35 1688 1034 1932 2177 2039 783 2808 40 782
12 180 579 808 765 2626 658 587 2215 23 1917 198 317
10 2783 2088 2570 2410 204 2755 2370 422 2025 429
9 917 1470 1399 2817 122 2438 2954 976 1620
12 438 1928 2265 1010 1254 137 897 256 801 2316 1851 472
14 2062 286 1736 2806 863 2586 80 2342 552 649 372 1370 2009 1692
7 439 555 1185 2379 647 2773 1810
15 1000 1754 988 2888 1980 611 2369 847 948 2328 412 1728 2041 2759 2687
8 1406 60 2754 1959 2916 1901 644 1049
13 259 1249 1920 2023 270 907 2345 1148 1133 2079 2137 2764 622
10 1755 1478 1524 2234 2335 2988 1542 2627 421 1822
10 35 2928 568 1294 2894 494 643 1405 1404 786
8 1798 706 1172 355 252 640 208 2833
9 187 1369 2468 2821 2921 1447 1516 2469 1263
12 1652 927 1084 2502 994 2649 970 362 953 2476 638 512
9 706 2262 316 1148 1882 1076 2495 2934 111
7 2407 1512 408 907 2496 1269 2827
10 257 2292 2417 1230 1059 1963 1283 305 1477 75
8 109 245 399 2013 301 1921 2388 2413
8 603 618 1715 2347 673 268 2789 479
10 591 1020 2484 91 1507 658 2420 1344 1248 569
12 1302 1121 1103 5 185 414 171 2181 825 1007 1267 114
8 2937 989 2042 1390 2733 2204 1881 314
10 2970 1302 1345 1588 1860 296 1168 2197 2028 462
11 2935 676 659 1649 918 2532 132 332 1471 0 1601
8 616 484 352 222 2679 1726 2388 154
10 1878 1466 5 966 2522 1519 1528 801 2839 1589
10 2937 1773 2840 1197 2685 1540 841 859 656 1934
10 676 2165 1695 465 1495 2916 613 1030 1858 539
11 133 1183 164 1930 2436 2313 1265 2370 2668 2268 1575
10 10 2730 1923 27 2621 1963 1787 789 1714 2018
11 164 2468 1986 1015 1155 1582 374 1300 1696 919 1647
10 2078 134 1151 2742 1951 764 301 588 2808 1946
8 2187 2032 2008 201 1117 1405 1651 1327
11 2524 72 1025 2994 2619 1964 223 564 1198 738 342
8 106 246 1178 827 1391 2976 1518 2622
9 933 978 1207 1820 2810 233 231 64 1139
14 714 1788 688 2417 1567 365 1884 1993 624 1972 1575 2879 317 512
7 1258 573 1230 1747 1329 2360 2443
10 2729 2526 2869 6 514 1323 1886 794 2807 2764
11 574 1331 1732 874 1935 510 2683 897 1742 2976 877
10 509 2946 1885 2301 1184 2406 2896 1067 1734 1584
10 2263 574 257 1766 966 1055 2894 2026 1557 2413
15 210 1113 2780 2283 1279 272 485 2980 1774 2576 605 1325 1784 913 1560
10 2510 431 2466 1766 122 1918 494 1576 2940 671
11 1331 952 2656 1982 2411 1629 1726 937 1431 734 2646
15 1550 418 1478 829 989 518 1295 1213 2152 2942 1543 357 2902 1441 2822
11 1680 1547 884 605 1491 1269 340 1066 2746 803 969
10 2403 1417 1830 2599 1454 1880 931 2427 343 1892
9 2778 2526 441 1982 1699 1622 1061 474 381
8 1721 2119 1408 2603 1904 47 2001 49
10 419 645 1895 1190 693 1346 2031 1056 1215 1952
11 1000 631 1020 1899 1710 2457 1015 1226 2939 796 936
9 2882 1497 2569 1495 660 2065 1811 666 1108
9 153 1092 1562 1921 1596 2483 2839 661 2036
9 2187 2179 456 193 2630 1548 1163 697 429
10 1770 1636 2648 2424 1919 762 522 729 2547 1692
10 186 1465 886 1984 1072 1515 216 454 2188 1810
10 1923 322 2563 447 1558 1725 39 2026 1248 280
8 2123 1204 2825 593 2961 2741 849 1163
8 1020 2446 1687 920 2669 1491 889 915
9 2530 2049 2367 1688 759 1931 113 2138 242
7 1388 1244 2699 563 1153 924 243
10 699 2548 468 929 2738 1604 2829 2199 1917 2434
11 733 1118 1169 2030 304 348 1626 2615 113 1125 295
10 774 2989 138 2003 204 838 592 194 919 1165
12 1894 2048 1309 468 365 2091 1446 465 348 2895 2839 75
10 2625 2158 1402 1740 2835 2038 2954 587 1046 528
10 545 2579 2949 1142 91 1394 1572 387 2792 2547
10 1928 391 1955 2419 90 2301 687 182 2188 317
7 2147 1309 2892 1932 636 1953 718
10 706 2892 30 2863 2112 2668 422 1165 2508 478
12 2407 1680 1293 1040 2019 1891 904 175 338 1337 213 93
10 1348 1173 1930 356 2110 2567 1361 2325 2964 698
7 1614 561 2102 2080 1239 1620 2635
9 1209 28 547 2705 273 1469 1400 1119 2401
9 802 37 2994 2162 2247 386 825 1778 1527
12 1586 267 977 1504 1860 1492 2274 248 1123 1222 2617 1714
11 133 1397 905 18 1036 1366 2379 1568 214 2045 670
9 308 1887 1181 1895 332 2017 2584 110 1177
9 289 1436 1099 2131 1226 2818 831 738 2093
12 473 619 1009 1740 2917 2581 8 1800 1699 452 1382 84
11 450 1374 1338 2257 356 224 1495 366 2439 1215 951
8 909 397 1484 2905 491 1769 2027 2319
9 1866 883 977 1012 43 1693 494 1938 453
9 940 1760 723 2643 2177 1145 1824 538 69
12 92 2612 1224 2553 2835 1154 2630 2460 1731 1953 791 2833
9 1977 989 59 356 346 344 2122 1744 2401
7 2049 1310 1530 2164 1643 2990 1758
11 632 579 2330 1954 865 1746 491 1515 2439 1714 781
10 2207 618 2836 2664 1273 1149 2978 141 1476 2546
9 1258 966 2423 1278 1166 1335 1400 1620 1597
9 311 1189 770 1148 1939 2910 2688 887 2702
15 1348 519 2690 1182 883 595 2359 217 2229 2917 994 526 216 1428 609
8 2078 385 1828 2301 1936 1375 640 622
10 1114 1264 401 1275 193 1246 1669 803 271 2319
9 1013 686 2742 2689 1153 2668 214 1518 1404
12 2722 245 2970 1496 1888 2621 2724 2997 842 959 1970 697
8 364 2417 449 745 624 1731 2470 722
9 1026 1379 2928 662 1654 398 63 1576 20
11 1664 250 2836 2696 414 2271 984 1711 2529 2838 7
10 699 410 2782 2825 395 2225 957 110 1350 1657
7 1157 1083 2972 1904 2624 877 111
10 1434 1949 2882 749 713 1243 2317 2245 791 539
10 259 686 2192 189 1922 183 1061 1458 1534 2838
8 467 1760 1151 1172 1961 2348 1833 682
10 2966 1570 2301 1982 386 642 1596 1823 2270 2728
11 1173 2778 2450 2660 2261 1531 2063 1096 2137 666 2443
8 2447 2904 1710 2424 1367 2461 139 1758
9 1410 2211 2840 2994 2921 1625 1344 434 2827
11 971 527 1002 1498 678 2152 1260 2592 1845 2169 2319
11 2612 2123 1614 261 2005 2162 14 1596 1644 772 118
7 109 1157 785 1205 1646 2080 877
8 1317 91 1544 2802 1376 2166 1967 1601
10 800 1463 1254 1293 1 1454 773 636 1168 803
11 1732 1244 234 2375 531 1153 2830 2237 1852 1337 569
9 2982 477 2084 1520 972 359 163 1863 817
11 2322 2147 1098 1204 1140 1995 2786 269 64 453 2150
9 2729 1029 1740 1964 2732 1443 2149 1362 1597
8 2612 895 2033 2796 861 1447 2741 609
9 477 2308 853 787 948 2102 1543 2485 371
11 431 1749 571 1593 2212 2750 2767 675 862 957 2582
8 2965 237 2800 207 2357 1080 778 2401
11 2403 2514 167 1296 2755 1540 984 1074 1901 1953 923
10 1894 2695 1969 365 2358 673 214 887 1412 2691
11 1010 2674 1457 1983 2742 2378 970 979 2285 2791 472
9 2573 1466 107 2877 193 911 2055 990 75
10 378 955 1666 2378 2942 1646 2396 1858 2990 1678
8 1872 977 2305 2242 1876 842 305 2924
9 2052 2147 43 403 1653 2031 374 2076 1163
10 527 1009 2806 793 43 735 2768 1492 898 1591
9 431 711 2926 1295 1959 1136 647 139 309
11 2770 1573 2629 2061 900 2644 727 546 644 2096 1723
10 315 2484 1870 2398 1294 2458 442 849 2774 1242
9 1814 700 814 2448 42 2900 2337 2634 807
10 1113 2088 2643 2243 1076 177 2617 1575 2451 786
8 2956 2283 1368 264 2208 1393 2492 1682
10 1342 2891 448 945 192 1087 1431 2304 61 539
8 2556 2872 360 2083 776 1024 2491 61
12 2757 2783 1754 2275 2619 2016 366 2494 2383 813 1458 1004
8 2049 925 2678 1624 2080 2129 1944 1684
9 928 1978 1570 2725 581 2155 1361 813 464
7 467 688 560 1284 376 216 1851
9 2530 550 18 2269 320 1996 2550 1952 195
13 2445 874 2179 1017 65 2744 2345 2923 1742 1287 235 732 991
9 187 2979 405 2321 1624 1568 1886 2312 1385
10 711 2981 2356 1352 2480 2752 307 263 698 404
9 1690 1050 713 2229 669 296 2673 803 816
8 2267 419 551 56 485 1199 876 1704
10 1257 2946 2372 1763 662 926 1325 2842 118 2787
7 858 1958 377 1722 2733 2360 891
9 1249 2570 561 602 1842 2273 383 1534 2749
8 1467 21 1888 1178 1566 2247 2429 110
13 2700 676 83 1857 2417 1665 165 944 730 1063 1548 1731 2434
11 2703 2950 1009 627 2044 1190 2496 481 726 1333 1423
11 83 579 677 2533 2748 2606 211 2808 2252 2148 2870
9 1349 2989 368 339 570 1915 1906 1758 2286
6 12 707 1132 602 872 2012
11 1867 1457 2423 137 904 1265 1964 1931 1062 2154 567
8 1157 1144 99 1226 2461 297 887 179
11 2111 2256 2390 2572 2448 181 2522 1916 1320 862 748
8 2965 1116 1804 1842 980 589 772 7
10 858 955 547 623 456 1243 2418 2065 2219 2795
10 2207 254 2527 2744 1105 1744 1569 1753 666 2366
10 982 1317 2590 2621 1556 2669 2429 1247 772 608
9 2256 2175 397 573 352 510 2232 229 2591
8 2891 659 1763 2343 979 1696 1776 1778
10 2757 210 1142 1991 2301 425 499 2961 1212 2898
8 893 2218 1102 2923 2396 937 535 2018
7 1158 586 560 1767 1367 1175 758
11 147 1663 2692 918 1055 987 1863 1414 453 1134 1909
8 550 399 2678 252 1681 609 2837 461
9 1434 2904 247 2378 1105 2412 1516 1908 1826
9 205 2415 548 222 2825 2713 1043 980 314
9 728 72 1665 1746 1424 189 1646 2987 1943
9 985 322 927 2689 662 760 191 2455 2133
12 1550 615 619 1359 1011 1188 1447 1744 2148 1849 1500 121
7 2049 1036 1916 2915 796 2955 2150
14 603 430 1484 584 2005 2706 760 2418 169 887 2025 889 655 1979
6 1512 1185 2919 2608 1522 2293
11 2788 1962 267 2400 385 1244 2311 233 275 214 2933
9 2573 1925 2917 2890 2065 1903 1468 2076 2529
8 2633 2126 852 2161 1936 833 2594 1917
10 516 1111 2726 1853 2146 1238 2338 1921 1915 429
8 893 1618 2607 486 1105 1351 794 2591
9 1900 1573 1730 2242 116 1516 1793 870 1698
9 516 1749 2240 447 159 1202 1474 625 1239
12 2214 2876 1789 1466 2968 1146 489 345 2296 682 731 2036
8 845 2956 2949 2572 1155 783 1218 1452
13 2506 1379 2323 542 2365 446 2361 2620 51 398 834 1561 2475
8 603 368 2736 304 1568 290 1218 1662
15 1187 2775 1197 1095 333 2917 2449 1693 2465 1854 398 2086 1714 172 462
8 1137 2840 2861 1373 1019 1890 2947 899
8 909 1178 1730 2136 1551 1944 2137 1850
10 2442 954 322 238 244 1445 2554 2200 523 626
10 2266 1732 1144 1088 563 2173 683 1595 1915 1458
10 2500 2249 2660 2230 1708 1904 2746 2773 2993 1270
11 1206 2537 331 1853 2247 2217 2513 958 1548 2163 1934
9 2730 2029 1440 1556 2592 635 1028 1922 870
11 1292 513 1983 943 2835 2242 2496 296 2764 2759 899
10 245 1216 2686 506 2184 151 1138 1491 1816 991
7 1317 1462 2313 2958 1273 1061 2953
11 1956 1158 793 1961 68 1654 2997 1646 2845 260 2709
8 2395 1957 2172 551 2667 2766 95 2043
11 1679 1958 2872 1553 2588 2291 2170 1981 2807 656 32
8 1797 2306 288 325 2942 902 2681 2036
11 1869 1388 2295 2821 1980 2756 420 8 2438 876 517
9 2409 2680 2523 827 563 2850 1904 2316 1840
9 1347 2716 333 2768 1982 779 729 479 1561
9 498 239 739 1513 17 1974 1643 1590 2290
9 903 1885 506 2532 326 2792 2839 1560 242
8 2573 1465 560 553 1408 1691 1080 271
7 681 2066 1655 1015 2843 2487 472
9 45 1279 920 2689 1153 2235 388 2455 1711
11 2089 210 1599 2158 798 2146 1045 31 2851 1363 2974
8 2052 2727 2410 8 526 607 655 915
11 1618 2284 723 551 27 1507 1322 2485 747 1533 1139
15 2520 954 518 623 1802 80 687 1777 1548 1973 2107 2834 1382 766 1326
16 1000 196 1487 45 385 2098 220 948 2732 14 1975 268 2673 2134 1371 2832
9 837 72 749 977 2602 657 1492 1818 1242
11 1658 259 2295 1083 1295 1853 101 157 1903 139 888
9 2885 627 440 2288 1646 2845 1247 2773 1119
11 2565 1293 2229 1027 1322 1889 2583 2215 2893 734 2001
9 250 2003 436 2608 2769 1696 2383 912 1195
13 1894 1288 659 2022 2823 2365 2667 1624 1351 62 2741 1973 271
7 802 2436 135 1357 1283 2513 2148
7 22 430 436 2038 605 1569 2130
12 2409 164 2524 1913 966 220 1629 588 1953 2529 651 2749
10 1608 1545 2785 2152 1422 2102 1357 1696 2936 1597
8 2574 1336 1178 156 161 1481 732 69
10 146 150 1328 1695 1559 1202 1472 1576 1881 633
9 1142 1036 2229 2942 2287 1921 2138 1405 110
17 2543 1867 1545 1345 1251 253 2942 220 2230 2559 338 1335 589 517 2329 172 834
8 2794 1338 287 1296 2636 2065 565 554
7 13 846 2014 2463 1127 1824 1195
8 2367 2607 27 2448 1725 783 20 991
8 1690 1612 2586 1140 2203 183 1459 337
14 1111 1240 1885 1525 2919 2073 1357 1876 1963 1873 1825 1549 1327 2128
11 792 1649 98 1954 1593 1252 1865 351 1713 2198 317
8 2670 820 2998 2683 667 2245 38 539
12 2277 1899 2641 1156 1986 658 2528 562 2197 1533 2505 1382
12 822 973 744 312 1971 684 1303 1596 2665 2391 371 1979
10 439 1359 744 1011 943 1304 2779 1038 2006 2133
8 1044 2218 547 2760 1568 2592 609 2777
9 50 1899 1040 2258 407 1699 2065 0 1337
9 2255 2124 1192 931 1378 642 2952 213 2002
9 86 1276 2819 1037 276 2020 363 2529 69
11 1814 2390 2656 1027 2755 395 1283 1048 1816 804 718
10 496 2631 2883 1675 137 2551 621 799 2924 1692
7 416 312 2917 2913 417 2190 981
10 774 2292 1632 2301 581 1964 2094 1432 2814 622
10 267 2059 2806 52 1036 1959 2024 1464 1574 2582
9 438 630 2431 1332 142 2706 876 1382 2787
6 768 70 1435 2209 1903 1452
8 1075 1079 1341 641 833 2361 1574 761
11 2788 1210 131 818 1635 252 2503 801 2986 1970 2702
9 2882 1379 1032 814 2016 2209 643 661 1053
9 999 1 1656 2755 116 357 776 2624 1485
10 1022 1496 2992 886 1231 2040 2733 1903 363 295
8 851 1003 829 1070 693 366 1074 2676
10 1857 1545 2377 1510 2347 2343 593 779 148 2364
9 1929 1187 551 2192 1274 986 2490 2714 1534
9 2158 2744 2291 1729 57 1300 1845 2360 2441
9 1026 2866 1991 2724 137 1748 39 751 528
14 802 2488 2518 1306 365 287 2942 667 2382 1298 1863 2634 1452 2848
12 2453 2393 1732 16 1513 648 1519 1551 1048 351 2272 2815
14 2303 2966 1157 1204 2404 1036 2161 1401 667 1938 2952 1791 291 1001
13 259 1794 1070 2177 1984 1685 2095 859 1577 1734 1750 2529 1850
8 2770 1135 2405 2309 2997 673 642 609
10 418 72 2793 2234 637 2271 2999 799 177 569
8 1957 717 2042 2655 2818 2122 73 213
7 591 1083 120 1461 577 235 2076
8 44 1379 222 1729 911 494 432 2848
12 2464 364 895 1954 2817 1213 531 2995 1963 2050 2598 816
10 1111 385 1435 2752 1378 231 2316 2114 2871 462
11 1324 2022 185 324 850 1619 1590 1403 434 2319 2848
10 1193 1420 999 1211 2523 510 14 1824 614 2012
12 498 1502 2088 484 2742 918 2644 2392 587 2723 55 2838
11 500 1010 2782 465 1712 2911 1703 2459 523 429 7
8 1334 2445 1969 247 2162 776 454 1784
10 1342 2474 2033 2823 2760 2046 849 532 1714 2133
15 1652 1090 754 542 272 1960 1592 2241 130 2644 386 262 1286 464 2661
10 903 680 2231 476 2679 1718 598 479 1480 634
8 283 2059 1891 2499 489 1882 2636 2828
13 2303 2788 744 2022 325 1625 1329 1787 2201 848 2439 2934 2936
12 2989 1898 2656 1005 33 914 2326 216 2938 891 479 997
13 1234 34 1736 2992 1544 683 2632 2532 1919 2296 790 2402 2475
10 2126 2564 1465 455 1133 298 23 1008 1033 2661
10 2248 360 414 2603 1947 57 644 1395 2837 1526
11 1257 2088 1194 1668 273 1298 2887 1988 1549 390 1250
8 1770 2109 824 1543 1551 1220 2714 2547
13 438 845 70 952 468 1454 207 2710 2273 1247 1500 1049 2413
9 2962 397 1737 2269 2000 421 2791 263 75
8 930 2578 852 737 2246 19 2324 2822
10 973 527 659 1623 2577 1741 986 1634 2324 242
9 844 2244 1632 185 1005 2503 1739 338 834
9 797 2694 335 1454 1592 171 1471 1490 2174
10 505 2962 1978 234 742 759 2024 298 1371 766
11 1900 2824 706 506 2196 1381 2668 183 2955 1439 470
11 2393 2717 2545 1839 1879 1083 2603 2959 849 843 1326
10 1135 659 962 1638 2835 859 503 2296 1548 2183
8 10 962 1819 1424 232 2017 1838 523
11 1022 2477 1637 1216 989 1040 2765 1506 1568 169 919
12 545 2729 1224 1675 1539 2496 2246 1897 2374 2329 2739 2879
7 1416 2638 2785 324 2655 625 652
11 2318 285 1955 1341 2020 2055 2027 1757 1781 2114 472
9 2052 2806 2405 2784 994 1314 1289 622 337
10 230 199 401 2243 1126 357 2698 1362 38 2001
6 240 939 1747 2916 2857 251
12 2062 2447 199 1210 595 397 1176 1993 2647 2509 2387 1546
10 500 1977 1806 2835 74 2412 1024 803 497 93
12 930 1343 896 2482 1115 468 922 1896 605 2544 625 279
9 2207 245 977 209 220 2809 879 55 2787
8 2488 686 68 1507 1226 636 1865 1522
11 2182 1501 536 2369 2959 2297 794 2021 31 2492 991
8 603 1864 713 1161 1141 2391 1845 1008
11 1594 158 323 1606 1306 1084 1959 1469 1827 2086 1565
12 971 2380 1992 1429 2071 2768 1868 231 520 1353 2185 791
10 2228 2151 2419 735 350 444 624 2304 1836 991
9 545 2116 1765 2736 9 1256 1595 177 1476
14 500 1894 2633 2949 542 536 1631 2679 2199 2220 349 1215 1881 788
6 618 120 2610 229 2698 839
8 2353 1240 1181 1156 2604 2199 2822 2475
9 2482 1760 2448 1070 2042 2657 2830 666 1917
10 1258 2782 648 1535 1081 1313 2698 1660 740 788
9 2474 2356 79 2448 1284 1387 1451 2245 392
7 1857 112 1323 1126 1646 1973 761
13 699 2721 2010 2206 2577 8 2338 2153 269 1611 1555 599 2354
13 1727 1285 2131 65 735 1231 1685 2767 1931 1750 126 25 870
11 1343 2172 18 2586 2378 1105 541 501 2681 353 960
7 2295 1032 1251 395 2097 1750 923
15 289 431 1571 1766 2444 382 2627 2217 51 613 1069 732 369 2758 1672
8 133 1686 2677 1507 2247 1528 1061 1822
9 866 1193 2175 1571 1095 1201 183 1018 2093
9 1999 379 2721 2836 1730 42 1859 1030 1589
10 2172 1955 1207 1081 2050 366 2630 1220 629 168
8 2393 2014 2725 2606 366 411 1452 117
7 1013 1189 424 348 2583 1816 1398
10 883 2992 2173 256 1491 2745 372 2534 1215 2833
7 391 2390 967 1820 501 152 1242
8 1044 2564 1462 1156 489 1133 417 2319
10 2937 1266 1311 2478 2016 902 979 0 1660 1385
9 2970 1083 996 489 1996 2476 2617 670 995
10 245 954 874 2744 1185 407 1443 175 1403 530
13 549 1338 2423 2166 1984 2031 1726 1716 1129 1851 2416 781 2616
10 1805 1118 1213 2553 2496 1972 139 1953 1171 2434
8 2970 2218 37 824 1984 2943 2028 2096
11 2979 215 1715 2165 1293 2480 359 537 183 1404 1719
12 1755 2565 2735 2323 2478 79 2919 2850 2037 501 179 2441
11 938 72 1311 2875 2365 2454 1233 2455 1452 1282 2687
7 714 2819 413 2713 1300 1689 839
9 1191 1467 2015 2386 222 2959 2710 1427 1792
10 13 2033 2404 138 486 2343 2392 2360 726 1263
6 940 2638 1106 541 520 2036
8 2686 2457 1378 2786 876 530 472 1270
13 668 1914 676 2191 1285 1955 2099 2798 1889 1403 2093 2451 2310
9 78 1755 963 1379 2656 2611 1897 2789 1692
10 2549 2453 35 1978 2161 763 1105 1703 629 121
12 1844 331 228 1174 2958 2509 1072 1827 2252 1109 1575 251
13 1016 2367 627 1104 456 264 2567 1256 769 1071 1733 1053 2521
8 618 2307 871 2905 2195 2226 2927 392
12 1478 2407 2172 1856 920 1284 1886 1582 625 2045 633 2279
10 1875 1732 1104 1054 1330 546 1915 1101 2834 1049
7 12 2400 1466 1588 2379 1413 318
11 1182 2363 2306 2835 347 348 1718 2460 980 629 1881
10 1369 2302 1501 2010 2311 1133 2237 825 110 1326
8 940 1501 2992 2457 2856 1868 1728 1441
9 2484 2523 2533 1147 576 1391 1472 530 772
8 13 356 1882 1268 2704 236 1101 2960
9 240 2501 425 667 2939 2507 2163 251 1444
9 1013 1668 2689 137 879 2304 2653 2351 899
8 259 1743 2678 211 1072 2708 2617 855
9 2593 1280 237 2132 2672 1068 1087 1007 919
14 1115 754 306 2514 2840 2699 1980 824 764 142 396 1315 2773 2143
8 2147 1429 2161 811 2258 2038 229 816
10 1610 618 2088 237 2918 1860 301 231 738 512
9 696 1749 2526 2311 654 2504 1908 2312 1792
8 1867 2054 456 2120 2465 2122 1215 1934
9 1801 322 1885 1641 506 669 1297 1354 2973
6 1135 2562 1275 897 1511 2200
10 1652 37 2321 1862 1461 229 1996 2129 2401 2838
6 692 2135 2905 1918 501 369
8 78 1864 978 2983 2217 2011 1622 1196
8 2783 2564 1475 2010 1296 2611 54 2215
12 187 2403 2493 468 1911 1695 2287 2896 2166 598 1704 2036
9 822 487 2229 2522 1748 2106 1167 295 2072
12 1317 1862 222 272 2449 2196 2544 1322 46 2733 1753 2319
9 1814 2421 1279 2682 667 1238 1901 1152 698
8 178 2756 654 341 2483 2583 539 2832
7 549 138 1655 273 2291 46 790
12 2435 2727 2514 2054 1588 602 572 1199 1464 2934 1400 2143
11 1587 1240 2468 2022 1251 1507 2031 1202 2316 2043 2758
9 1342 1292 1025 2533 272 2980 1712 562 25
10 1340 1641 2244 2738 764 1883 1351 1096 1944 2018
12 2847 630 1633 2109 623 99 1592 301 1067 177 2069 1242
14 1752 240 2124 2501 2726 1453 2689 2603 1693 1854 2741 2814 1483 807
10 692 1309 1675 1966 1045 214 2658 279 1108 748
10 2686 1680 1435 2611 1085 445 1933 2127 1950 75
9 2214 1183 2049 2992 1323 558 2020 1908 1990
10 2048 1216 560 6 544 2922 2954 1354 2472 1518
7 2971 677 2562 2258 2662 3 795
10 1221 925 942 2229 2347 2269 1974 2122 1892 330
9 2445 1016 1189 2784 446 1896 357 183 1660
14 423 2593 1064 2729 377 2144 524 1528 341 2494 885 1611 2268 2842
11 940 2962 1529 1151 2932 1948 1777 1903 263 843 2006
11 1679 277 2398 1504 1891 425 124 1474 1370 1096 1363
10 416 2989 1107 2411 2798 2544 2190 1682 2813 569
11 230 2257 2135 2599 2365 1984 345 457 411 2113 1871
11 1487 2409 1949 2488 1310 2280 840 1605 872 1282 758
9 2695 492 2375 1886 2479 1694 1101 1778 1327
8 930 2314 1578 241 667 1622 1109 1281
9 767 627 370 1265 577 1225 1940 2006 1546
9 450 2820 1147 2243 1449 2343 2057 1733 2344
8 2623 145 2816 1332 1201 2235 412 1441
6 1359 370 2632 2628 980 260
8 1508 637 2359 1055 613 1212 2130 373
9 1797 2010 1661 2538 2328 2392 862 2844 2535
6 1869 2701 2092 2944 1464 1215
11 2906 612 865 1251 1041 762 2908 2190 1281 2413 2781
8 1680 2674 2139 333 2854 1696 453 1423
9 4 1436 174 2742 2650 1421 2304 628 84
13 1100 21 2104 707 1041 1424 201 1653 2087 2472 2708 969 1532
12 893 178 929 2003 2553 220 1722 1882 1629 503 2270 1561
9 306 2696 79 1231 302 2274 2252 1086 698
12 230 590 1181 749 104 561 2823 970 2517 1112 1483 722
9 639 1249 1879 1935 2886 1984 1071 2807 634
7 1099 1083 2105 2189 1628 1825 969
7 2712 2852 1748 2922 231 2535 2728
11 1817 2295 2588 2664 211 2350 2584 1405 2171 2239 1676
7 2730 35 1107 2672 437 2534 2349
9 1187 2984 1211 2983 125 1376 1428 1538 2838
9 245 681 1828 1567 763 840 2285 1865 330
10 2175 2932 2836 830 2061 163 1734 188 295 2336
9 2819 818 2736 1284 841 1495 2024 2268 878
10 1258 2175 181 2588 757 1381 657 1775 885 2329
10 1209 1717 916 2463 1265 911 660 2090 1950 443
9 549 212 2917 335 2939 778 1018 821 901
10 1035 1894 2885 1054 1278 667 566 1843 1196 1620
13 431 2049 846 674 2244 1959 2755 974 2679 1202 3 854 25
10 2187 1872 955 542 2365 624 2080 613 265 2715
11 540 1612 820 449 2751 2340 1241 2027 2028 2547 435
11 2456 1899 832 181 1730 76 2772 1903 932 2169 2133
14 133 663 310 659 744 1665 2335 53 2375 1323 756 1393 2903 2849
11 2812 1276 147 1121 254 1986 2369 1941 474 915 1267
13 1020 2926 2314 2523 136 1449 1304 1238 2723 1871 162 569 7
7 1221 966 2423 2102 577 1950 1647
11 239 1037 2928 1144 2358 1043 388 1354 609 1004 691
12 1788 1292 2435 1009 492 2218 1328 2038 2418 2803 1881 2174
9 630 150 2071 911 2429 1007 2790 1546 434
7 82 2796 2854 2668 1122 2774 995
11 2085 2516 1097 952 2308 1352 871 127 604 640 2535
10 1467 1570 814 939 2345 2300 2122 2220 2591 114
10 1417 1429 2580 1964 2944 894 2665 291 1909 111
10 2467 1618 2306 2901 2818 1653 2324 2268 1385 1585
9 2488 1392 1435 1831 1260 2589 1428 1165 991
11 89 1614 1844 548 2523 85 2258 2997 2791 913 1909
9 1670 1317 346 2068 1519 705 340 946 908
9 1957 2614 1296 1390 2830 941 427 795 1423
9 2812 2115 15 1304 2734 585 1400 2025 539
11 336 988 1645 1486 1124 348 2503 1325 1101 2714 478
10 423 1389 164 2716 2705 1835 592 1056 251 788
8 2962 1204 1649 1559 2112 1577 1583 1565
9 2623 977 1982 2642 959 1141 2605 1289 1412
11 1448 1680 1347 1498 525 684 2829 305 1851 2871 2354
15 1914 998 83 1736 1244 1203 2588 68 1207 1572 2558 2647 2095 169 1560
7 2729 1321 287 1729 2245 946 2001
9 1885 1720 1504 1661 2894 862 1353 2822 1672
12 1417 2907 1352 1558 673 1149 2850 2326 1921 328 2845 2385
9 1276 1379 397 2410 537 1202 1175 644 782
6 1044 955 568 602 1787 2985
9 1434 278 215 53 2644 2913 1019 1431 1532
9 2697 916 811 2309 142 51 2681 1490 1621
11 1608 2373 2537 793 1519 252 660 1325 2927 980 2117
7 527 513 531 705 957 1018 991
10 1364 2182 2380 2052 2912 2019 716 1260 636 607
8 1598 2355 2257 943 1654 992 1080 951
9 1817 1856 2756 907 358 481 2964 168 995
14 1173 2421 810 942 74 2073 116 1625 2289 2439 1518 2169 48 2691
10 797 2034 1688 272 425 1243 2000 2786 2304 1815
11 239 35 2404 377 1695 1252 1611 2114 1333 1131 1398
11 109 677 2386 2424 2901 1747 1252 2199 1892 1353 1682
13 78 1348 692 104 65 1898 2502 1964 2786 1077 2591 932 2001
11 1120 2880 2778 706 1021 1409 2389 1443 756 432 1940
7 2249 1107 2667 2751 526 1439 2028
11 1956 975 925 978 1251 204 201 1691 1141 1825 2329
10 205 2874 1213 1514 1253 1456 1320 1023 351 2865
11 1142 972 1368 1525 1219 2667 2317 598 2828 2871 786
10 2430 2867 410 2275 1525 222 2195 935 1518 434
11 2876 1288 1502 1295 524 1528 1933 2168 876 629 601
8 1671 2991 2533 2522 2020 177 390 1560
9 545 895 814 2621 1265 175 1313 1315 2279
9 2111 2390 1311 2901 1174 1744 1537 1395 242
10 2403 2904 2526 1489 580 1188 1514 2454 2341 1813
9 1732 53 165 2942 2420 1367 867 1912 1534
12 971 134 2353 603 1162 2643 1201 2615 2483 454 1953 2815
11 1512 1844 1098 2417 2998 221 708 403 1972 747 2709
7 2318 1249 1765 2532 1138 2665 342
9 1550 2885 37 735 1959 376 2433 19 1415
10 50 1857 312 2823 2241 2057 2037 1472 738 1591
8 2004 1663 1802 1482 2854 1646 1791 1001
10 160 267 2799 707 1230 1762 856 175 2153 1165
9 933 2918 1895 2610 1376 701 1842 2485 2069
13 2 985 277 895 377 2099 861 2227 184 2383 1218 38 1327
12 2452 1003 1899 1285 1021 90 2005 687 296 912 434 429
7 1331 449 1319 235 653 2849 1398
8 1324 149 785 1963 2225 1354 2469 839
8 1324 149 2632 2818 1667 1024 634 2795
8 1257 1991 1631 1581 57 1865 2814 569
11 438 1887 2735 487 2918 2768 2340 1127 860 2486 404
11 844 108 200 2981 829 1578 382 2227 1286 2964 2547
10 2488 1955 1394 2720 1604 769 1472 38 2865 1934
8 418 2925 215 1668 996 2287 783 279
10 431 1142 2565 1525 2863 1603 1713 2239 1676 512
11 2778 2398 1407 1275 1015 1685 2097 2542 1491 474 2183
9 315 1083 753 719 2260 2859 1557 203 772
10 1814 1766 209 1884 359 1896 2166 1931 2350 1165
7 1520 430 2073 2679 2246 1757 2947
12 2846 982 2565 487 1192 2666 902 1833 1018 2535 213 2715
9 509 2951 2907 90 2146 2894 1718 1066 528
10 467 1193 2380 706 2100 2029 2999 388 1196 2728
9 34 513 185 56 730 1076 526 2237 271
13 2778 1002 1649 2231 1677 403 1063 2050 494 1130 2535 1533 2849
7 1885 2010 581 1443 256 2688 1990
8 35 1588 1556 956 2598 843 1793 991
8 1216 551 1819 1150 2595 2490 1474 1786
8 2056 2175 112 2253 1367 953 2090 2344
11 1020 873 1857 492 524 605 33 1222 2653 888 1242
11 1347 2119 502 1624 1124 1381 1921 1073 173 1753 58
8 1022 1529 2575 1683 1559 54 2429 1716
9 2228 560 576 2358 1860 2841 1836 1143 638
8 668 2729 1802 407 387 937 1950 1848
11 1299 1206 1671 1208 2782 449 276 458 2473 417 497
7 1075 595 2994 1695 2149 23 213
10 410 1724 1065 1203 144 2261 2645 2127 497 1881
10 1397 2294 717 560 1539 2679 3 457 110 601
9 692 2874 2562 1360 282 2102 2769 804 1555
6 2056 1050 1346 1252 2190 2451
13 983 2302 2116 2775 401 1767 2886 376 1367 2063 538 1778 1847
11 632 1197 1484 2305 1360 1150 1918 1734 946 2001 1093
11 2697 2151 688 397 2251 1965 654 2495 1170 1813 539
14 67 431 1801 1437 94 1040 742 1835 1718 2987 2774 1086 628 512
8 2846 1340 1902 407 1057 1975 2895 697
10 792 1204 1578 2424 1449 2669 457 58 1602 435
9 1759 985 230 2474 2029 2905 587 980 427
9 2187 596 2306 2275 2161 2682 320 1167 607
8 1331 1463 741 1190 1493 2338 1985 2764
13 2524 254 1204 77 312 1352 1321 2929 1005 258 1405 878 2441
12 143 1598 857 1987 2378 1556 2040 2779 872 1038 937 1239
10 1798 1266 2098 1328 2260 2750 1335 862 434 1997
9 158 774 2875 365 2532 163 2830 720 698
17 1956 1772 1022 2703 2906 1636 2796 287 2071 2968 1355 1507 14 1067 1901 1125 722
7 257 1457 350 1884 66 1516 110
8 963 174 561 662 2786 1312 650 1584
8 1135 2512 2588 2713 2927 2388 997 608
8 1844 774 405 98 2083 1386 63 1871
11 516 1817 573 1230 1638 1332 455 984 1261 1620 1585
7 509 1913 1185 1378 2592 2025 2001
7 1221 2600 2106 750 343 2634 2137
10 1894 2116 237 5 1394 779 256 231 2746 1101
7 384 1221 368 553 444 1967 1215
9 1288 2249 2562 2301 115 2589 1356 936 1139
7 311 571 1368 533 1314 607 2293
12 1658 579 2141 1014 1588 2184 1304 2911 965 1261 38 84
11 665 1099 1010 2305 441 2835 1868 2542 2492 1793 1033
12 1191 768 2306 401 2131 1106 2784 587 2425 644 1937 569
10 2530 1923 603 814 135 2581 2495 2250 1781 41
8 286 1671 2088 1230 115 1842 1427 2402
9 2078 170 2527 531 2669 1220 1058 2012 569
10 1755 289 1686 1293 1278 2784 1936 1981 987 1477
8 1869 2783 2098 1980 1746 2217 1222 2924
7 1151 2533 1226 2596 168 870 2133
10 2284 2805 527 2726 1330 2495 2887 1252 1750 908
8 1579 2511 370 2258 2551 799 620 1398
8 590 2821 612 1635 842 2637 2708 1647
11 2205 2579 1570 978 1488 426 326 2779 1329 2507 260
9 1745 802 774 1368 1482 2532 2976 2009 2036
10 2259 1178 1229 931 1747 387 860 1845 1946 1937
6 1240 717 122 2860 1783 704
12 1770 1867 874 808 1604 593 1628 2021 1922 1261 2286 2661
9 393 416 2717 2996 1027 2606 2357 258 32
12 983 1616 199 1054 1213 2886 1445 1322 296 2681 1426 1108
8 1389 2266 2570 413 1391 1981 2127 1662
10 933 2236 2015 1341 2886 1495 1019 338 40 1672
11 1673 1151 623 2243 2988 1155 1562 2554 1286 1826 2327
10 971 1285 1913 1484 920 403 1596 2009 2865 478
11 1727 1923 1079 440 2178 1515 2688 2388 2773 1620 2815
10 2654 1017 1355 2449 1391 417 2681 1058 1719 2364
10 50 1839 2852 288 2672 489 161 2086 795 878
6 2686 2969 1748 2037 100 1353
9 187 618 2419 907 2226 1605 2388 2947 1602
10 1113 2700 2124 1767 1443 624 703 1696 1576 855
9 2820 2008 2755 2894 1087 214 2851 2893 69
10 1359 2992 313 828 570 1474 340 2952 2385 1662
7 983 2981 2314 2901 2931 643 1452
9 1016 2059 2405 716 1984 1199 1838 803 154
11 1406 1870 2184 606 1927 2886 592 1344 1953 2536 243
10 1866 2937 190 918 2333 2433 299 1776 698 381
9 2205 677 401 6 1558 541 1287 882 2740
13 2935 2775 1715 2501 827 685 1298 2094 2392 235 294 2028 2787
12 1364 1104 1649 1290 972 1156 2281 2326 71 614 2491 2279
11 2049 2187 1766 1012 2983 2804 2939 2317 173 38 154
8 1529 1978 2696 42 994 2943 48 1861
12 1615 250 2372 1683 1648 1831 2212 762 1313 266 2561 2150
10 2004 1302 1009 2404 1409 719 1777 457 1667 951
11 1618 2478 1862 2071 2261 1966 1703 625 758 2489 2848
8 2873 1009 2545 87 1804 403 2065 2773
10 1732 2015 1702 2599 1394 1442 445 1703 640 1452
9 2556 1743 1347 1453 2242 387 1255 47 2198
8 1206 82 1553 485 1005 2245 1165 2081
9 226 1664 356 1279 2660 684 2939 1038 2491
7 688 1457 2110 2503 1028 1086 2813
8 108 484 2363 2557 2370 1551 340 1134
9 545 2322 925 514 2287 1742 887 807 114
10 2430 1264 550 2586 227 2611 730 2237 629 317
9 1419 916 770 1155 673 2245 949 121 2327
12 917 504 2578 2054 2196 2999 2328 1531 1109 2591 607 1698
12 2770 2907 2088 2005 273 282 1373 902 457 1428 1784 49
12 615 259 548 2501 312 334 1764 864 1201 1472 2536 569
6 2585 1911 1725 953 73 2973
7 1317 59 1394 2057 1905 1733 2739
8 1529 1683 43 669 867 2383 2360 2043
9 2187 2231 1959 1882 642 522 2834 2381 1994
12 160 596 2314 2796 2449 2271 1451 2596 2860 299 2252 652
10 835 706 2283 514 1085 2679 51 2605 2272 2832
9 2233 890 954 627 313 2253 2854 2396 1483
8 963 1116 827 1015 570 294 535 997
9 1956 699 1866 2056 104 370 2576 575 2185
8 1416 754 1208 2132 2260 161 194 2117
10 1502 2158 1169 1767 1015 974 2348 910 2985 1848
11 2175 77 623 735 1435 2212 856 1757 589 2774 855
11 1968 1930 753 350 2557 2683 125 777 956 2741 535
10 954 1347 1623 2423 1493 2382 363 1851 219 195
11 1000 1099 1864 2042 1650 660 2769 789 1845 2163 748
9 2467 1099 2981 2064 2968 1456 1938 2188 608
12 676 1663 270 2799 716 2389 2602 552 66 778 2822 2402
9 591 2484 1552 1107 2423 1268 2199 1565 2441
8 800 1665 1902 193 2850 1329 649 2290
9 1182 610 42 1820 233 1367 2978 1074 748
12 712 2355 617 2862 220 884 2000 1459 1476 2740 2930 608
10 2407 689 606 764 1252 1611 2985 2381 1808 2960
12 1788 1755 2867 555 222 1650 1059 1174 624 2296 1818 2002
7 1529 2742 2454 432 1590 1282 608
12 477 471 1573 2359 1829 2650 1762 2894 1024 751 2828 470
8 1026 2262 1677 838 2554 469 2130 1565
11 2373 2450 2677 6 1213 1153 1464 1218 2268 208 1861
7 1760 129 2863 1148 2915 813 69
9 1035 410 1902 2726 886 1424 1057 1432 2973
8 1343 2565 2527 716 1304 1287 809 1164
10 1756 451 2663 2621 1995 2289 2270 1263 634 342
12 4 2556 2115 2023 220 420 499 801 141 139 806 1672
11 1348 1223 2523 80 683 1138 1596 1613 1363 969 638
10 676 2074 2950 2756 2038 2913 445 552 298 651
11 2519 1512 1237 413 1217 166 613 266 2188 2009 1601
9 699 2060 1536 2146 2438 1938 2383 1049 114
8 2979 820 123 1831 879 2490 328 743
9 866 498 145 814 1205 2189 182 1418 1082
11 582 1397 2126 1310 2825 1820 914 2987 2215 291 2327
12 1460 2339 1949 2049 487 1802 1493 2298 140 1220 1143 2096
9 160 2623 1925 2877 727 275 2615 1400 2154
9 822 2950 2034 2389 2152 2669 1492 1380 816
12 983 1151 808 2831 2823 1294 1367 2804 1915 2491 2489 1327
9 754 2415 1935 2755 669 2786 979 2807 2319
12 2824 674 2599 2738 1387 2178 1735 1073 48 1195 2381 2072
13 1805 2609 164 2946 2435 1437 456 365 346 1136 229 168 155
8 1257 2355 1279 1133 701 2190 629 2893
9 618 2926 2613 1712 987 2153 778 1494 2441
8 590 15 713 2713 482 562 25 901
11 1259 1003 527 1079 2983 2209 986 1109 2273 1672 1994
10 1616 1301 2996 1185 972 2751 572 1122 2009 628
9 2520 2945 18 244 1231 1811 990 1826 1934
13 975 2506 2539 484 2816 2765 2013 1739 1742 1298 1325 152 1976
6 2925 1983 480 1515 2012 936
7 2730 2717 68 1105 307 2808 772
9 1529 1254 1911 85 719 762 592 1733 260
6 2052 1902 745 1996 1112 991
10 780 2284 2353 378 1737 56 1005 760 1362 2687
9 618 1737 1341 1304 2502 171 2636 1380 2344
10 308 108 448 2192 1205 654 1625 173 2476 369
9 639 1237 212 2835 171 833 2350 932 337
8 147 2555 2511 2287 347 396 957 2413
6 1075 1802 1243 1469 406 2443
8 2820 1121 2765 136 2968 602 1582 2352
10 1780 665 2257 1505 1355 1884 14 102 1459 251
8 1137 2523 2831 2253 320 0 609 2293
12 230 665 688 2332 402 907 1831 1933 305 1112 1139 2661
7 1417 1766 2919 2525 1941 2583 1849
12 1618 2158 2067 1243 1542 1401 2894 100 2268 1784 517 208
11 2707 1090 1144 253 127 1256 987 826 1976 2774 2069
9 2422 1037 563 2768 984 1069 1858 511 1526
10 917 2318 2033 476 329 2261 1843 656 736 1263
8 1020 1567 1650 2203 902 1472 980 2781
14 940 2415 2034 167 2744 2305 2538 869 1261 1380 1307 1849 661 1165
11 1772 2512 1724 1316 1763 272 510 1540 515 1892 2635
8 1637 108 547 568 2779 102 529 704
8 2882 2992 1407 144 762 66 656 718
7 1206 1749 2092 1936 66 910 1119
9 70 2417 2003 2557 1154 302 2425 390 1395
11 903 109 1276 689 510 1764 673 604 2688 111 1139
10 1013 2126 1911 1265 1045 2153 1370 2845 2336 2582
10 639 2697 200 276 1411 1378 2227 593 2208 2936
9 2265 1347 814 929 1387 2916 859 2791 2508
9 1671 1633 2161 2897 1634 152 2814 472 2849
10 2730 2100 2674 2013 2988 2997 1742 161 1944 1768
9 954 555 1070 606 2155 1246 2540 1753 1711
13 1430 2259 28 1374 451 2251 211 2859 29 2893 2764 626 342
8 2142 1894 1137 316 1150 2343 1619 1890
11 2948 471 906 549 2680 88 1260 445 1375 1705 1779
9 2052 2355 2172 1736 2448 687 1975 736 1458
9 873 706 2619 193 157 2039 2598 1215 740
9 2452 218 1279 1935 436 2080 1112 534 1602
12 2794 1663 1567 2919 74 455 1166 1314 216 2491 899 373
10 2654 1529 1151 1184 1136 1447 2910 2534 2973 839
8 1837 551 2444 1566 2342 417 1871 2441
9 1460 1828 2244 2108 1297 2304 2536 208 2198
9 439 1379 506 1880 2958 838 2285 1164 2546
9 289 590 181 1804 1442 1361 1836 622 49
11 2 1679 72 1368 313 508 667 1073 474 2148 807
9 2876 378 2744 2184 2649 71 2396 1286 2814
9 1789 492 1328 2311 1883 533 1373 197 1398
11 2737 1958 186 2098 2139 2251 2253 1122 2278 1822 2143
11 187 754 2586 1986 2473 605 1531 2645 2459 2739 1532
8 133 70 2238 1853 1963 2285 203 995
7 2191 1971 2756 2682 654 1141 2658
9 1113 2717 1054 920 2683 1243 2668 2208 1776
9 1949 1579 2531 2597 1932 507 262 2391 121
13 245 2819 1249 852 2186 2309 725 990 946 179 747 784 1810
10 1276 409 2602 1700 1072 1950 932 1452 1771 1620
11 44 504 2925 2030 2509 986 1975 1386 1218 2107 557
8 240 1553 2696 907 2509 297 1871 1620
8 70 793 120 1513 2944 1313 2114 960
11 2265 1118 793 1084 904 2859 941 1404 2777 1458 530
15 108 2478 996 2497 1725 207 541 801 1938 1175 2857 990 2197 1589 2781
11 2956 2872 1766 1991 1095 2449 2097 374 1674 891 1281
8 267 2249 1536 1932 2433 1072 529 1546
10 2737 315 59 2664 2650 2454 2916 1582 1109 1327
12 286 1183 2946 2932 1185 2672 2333 585 1048 1458 330 1812
8 603 680 2075 2843 1931 1967 2746 2128
11 1709 688 1856 2023 2602 1063 1109 1152 2561 41 2646
7 2147 1328 301 1260 1741 1569 1371
9 2670 2695 1978 2262 222 1884 1581 2080 2790
10 1772 1209 178 72 2008 367 2149 529 855 1563
10 1097 364 939 2345 2905 2923 503 1222 2351 330
7 153 2696 514 2166 953 809 511
7 681 1352 2541 407 1595 1611 2198
9 1044 2015 2262 1925 2909 301 959 1056 1937
9 2445 2518 272 483 521 1045 2483 2844 877
9 999 471 810 2969 2724 2922 1674 2739 915
9 1701 2820 2314 967 1305 2611 2031 2881 1522
7 1044 977 742 387 799 1362 2790
10 12 468 1971 382 2376 959 1811 2704 2163 1242
9 903 909 2468 456 2611 1351 761 2145 722
7 289 1111 2060 2752 2980 102 1307
8 768 1240 1037 2793 2030 9 1393 1218
10 2718 138 2108 157 842 1325 2584 265 1597 2635
11 2982 2805 1683 2752 2203 1069 876 650 1750 1315 381
13 1594 999 1172 2869 2823 2588 594 642 2168 2384 1826 61 1326
7 143 2925 1578 325 2551 1384 2842
10 2516 1336 2234 2523 360 249 2679 958 1816 2521
9 696 2417 2103 2629 135 2603 570 343 2416
7 2236 1571 996 2047 773 2976 300
10 2695 1104 2064 1645 355 1148 2915 2304 629 915
7 218 1440 1488 719 57 2197 1849
9 2167 2512 2033 2742 669 1931 2360 2837 766
7 178 6 1831 159 1167 263 936
8 933 1814 2179 2784 1443 2065 2688 1719
8 1013 2088 1392 1961 2595 398 629 1826
12 1478 596 2426 1913 1092 1446 533 760 2910 1582 188 1698
9 2819 1547 966 568 2644 2642 2688 55 2150
11 477 1388 2562 1184 2083 2136 2338 1590 2220 1483 260
8 2474 2545 234 425 39 2653 2470 1994
11 905 711 1872 2836 1623 1176 1087 2181 2491 1165 2740
8 2202 2283 518 2861 1919 140 529 2709
13 1396 2023 2912 1465 2969 658 125 2235 214 621 1315 1621 2813
8 1814 1178 2378 1646 552 2215 464 2443
11 196 2426 135 1174 1117 2792 889 279 429 2286 2646
8 545 322 312 220 850 363 1441 755
9 505 2979 1104 996 458 2340 463 2025 569
12 2453 1606 1636 352 886 2595 2900 2328 1800 1222 1247 2163
13 1455 2979 857 1570 2831 1144 525 2576 2710 1938 1344 1247 2848
8 709 311 939 355 1076 1232 1750 2001
8 579 1633 1767 1543 1674 976 1546 2941
10 133 1924 2115 1360 2162 1747 8 2246 1255 2790
6 2904 1553 1542 1312 177 899
9 1929 681 2008 1323 2685 275 1023 1262 479
11 1752 2981 2992 2522 8 125 1921 2168 1248 1758 2960
13 792 2052 2231 2562 1796 2376 1495 2540 750 2312 2113 61 2702
13 1026 240 674 988 2569 884 1629 1854 2634 2018 839 528 2781
11 2367 1029 2716 1147 2016 175 29 515 1892 2200 1678
7 1099 551 193 1603 1967 1395 1810
11 2762 2697 2712 2556 2884 1638 662 2915 39 609 2286
9 1637 2056 2782 1429 2083 2136 640 607 1164
13 1814 802 2283 583 2436 2232 2900 2387 2881 1464 629 1792 195
11 519 518 80 1272 2073 229 2350 113 702 1890 1678
10 615 905 739 1437 1948 1166 507 1130 2940 2018
9 490 1600 707 1229 2580 685 2542 2688 470
12 2899 1097 267 800 2450 123 1278 2713 1551 575 1783 1125
8 2946 1021 16 2320 2166 941 1644 1086
7 1900 1079 1853 1947 1696 371 1195
8 712 2259 2450 865 648 867 1464 743
10 668 2556 2044 2557 1153 992 1628 2388 565 734
11 858 199 739 98 122 658 959 2273 2851 1049 2787
9 1751 150 1600 312 2929 2311 593 1613 1565
6 1508 2294 1961 2798 299 1813
9 1010 2638 27 2785 2901 1442 1356 2881 2134
13 1878 2435 1837 846 120 1510 1150 968 621 1071 2455 58 337
11 2085 2115 249 2983 2706 1896 2604 1297 843 2455 1810
6 1010 617 1272 2101 1362 589
9 1529 1720 1677 201 298 1609 2903 1307 638
9 1430 2819 1633 1330 1041 1373 2129 2093 2385
11 1837 2614 1600 977 1295 1932 593 2235 39 2215 2684
8 2403 2404 2705 1454 719 2627 73 913
10 905 1347 1649 707 2685 1700 1167 1426 2871 2364
11 1137 2949 972 531 2597 756 1232 1380 2990 1177 1480
12 2394 2249 1837 2109 1510 757 1543 2829 1286 898 813 2069
9 170 1544 326 2149 503 1933 1405 1458 291
9 2407 2780 630 2527 2929 403 1318 2352 2239
7 1416 2356 2921 1718 1605 761 534
12 2085 1365 2056 2660 742 2473 2341 2396 258 1970 877 855
12 1637 24 2266 560 2696 563 2706 1297 2153 2026 2352 2941
8 2256 977 181 2558 1145 2540 813 1574
11 293 2718 2937 2098 510 1982 2636 1548 2331 1555 117
11 1512 261 350 99 66 386 417 1865 843 932 434
9 1958 2049 1178 1767 1593 2068 2414 1787 2486
11 1280 733 2098 2234 1567 2796 1230 850 1225 1058 2470
9 2920 2946 2695 518 2674 2449 2662 1175 2870
12 2452 893 1200 2654 1453 2368 756 729 110 1315 1826 2759
11 639 1135 707 2796 2091 1265 2337 1248 2827 1526 404
9 519 1857 2436 284 2473 1629 848 1611 766
6 1151 943 2449 2299 184 2220
10 2891 2484 2404 2309 1572 17 2502 388 2219 121
11 1291 245 37 1254 1504 524 2736 1708 345 2620 2272
14 378 627 6 2377 68 1219 1572 403 1138 2915 388 263 679 429
9 2855 617 1084 127 1166 3 736 2272 2546
11 1512 733 2372 2754 1147 2212 2610 2900 507 152 1458
6 2543 989 2760 2338 2125 535
8 12 1254 136 1951 657 173 2665 478
10 1894 1343 1487 35 929 2999 191 2268 23 1086
9 1751 2727 2029 735 1461 2767 1852 1575 242
11 2248 1266 916 757 321 2639 1372 720 1776 1350 2072
10 845 212 1025 1514 762 2517 889 1125 2156 569
9 2510 2690 863 2742 1982 403 1356 1714 1807
8 1430 2115 1392 685 2804 1073 453 1861
9 845 963 336 2869 2682 1659 2458 702 2709
12 2950 1037 2793 209 1656 2203 1149 152 351 1533 1108 1850
15 527 2206 2471 1650 1041 2995 2177 2370 2031 2397 1074 64 913 1546 1263
7 186 2135 2942 1982 1886 522 784
8 379 1009 18 2917 2657 1531 823 1848
8 780 1520 2426 2752 2911 319 532 2521
7 1618 2575 346 1346 2328 1315 2117
9 1187 873 2238 1539 745 1777 750 2714 2582
10 1499 978 1806 441 2732 1367 2122 55 1458 84
11 2462 1929 2590 244 2291 1117 1629 38 2114 1093 2646
8 2975 1420 311 506 1205 1087 328 251
7 2409 1902 741 1443 1246 2583 1526
11 2982 2283 1879 2345 841 867 1859 1922 854 2025 1227
10 574 77 996 2685 2894 1141 2125 2272 1546 1807
10 780 1137 2729 312 2756 2242 2581 760 2304 666
11 1369 2415 495 1217 2178 2226 66 223 614 2529 2443
9 1502 2523 304 1322 976 813 2058 634 2441
10 108 2989 96 1360 204 721 1603 736 2842 554
7 2979 2003 1951 1821 1886 882 75
13 917 2477 2925 2765 2892 2756 1124 319 2296 1713 1125 1758 93
11 2794 874 1720 1399 1440 1095 2271 859 522 2185 2381
11 975 1715 749 1278 1425 1006 2958 876 269 1792 2176
9 1686 2422 857 2862 2772 1255 299 2773 2508
11 983 1151 717 2005 1486 756 2285 464 2319 2749 435
11 527 1047 2003 367 1507 965 29 1953 2871 2709 2687
8 286 1285 1025 753 2260 2168 197 251
9 1097 1856 1411 1876 2723 2704 1915 565 2002
8 1612 1244 2499 2772 206 2483 1684 195
10 1945 694 1923 744 2852 2751 773 2708 266 2822
8 1240 1065 304 465 2317 1634 629 2176
10 1223 1773 2307 2689 759 2136 341 2910 1892 2081
12 286 2737 1502 1665 2648 1446 2611 2061 332 953 803 2870
11 545 1266 1036 693 2288 2606 872 1058 1881 633 1082
11 2548 1466 1284 2369 657 760 1386 1418 2200 2006 1847
11 1186 954 2578 1311 764 1461 2166 1233 1030 651 1840
10 2467 2126 692 2059 929 945 480 1996 1855 1527
10 2737 1214 2545 2140 122 125 290 587 2012 1575
11 1193 700 2375 2108 667 2166 1060 1669 620 2148 1134
11 1245 2565 52 360 2942 685 2461 1477 1363 2145 991
9 1349 1512 1295 2588 2921 2528 1625 95 2952
8 1887 1968 617 611 770 1076 614 2749
8 134 550 1178 749 2276 2732 363 2640
8 780 1864 1321 2861 2106 1450 481 1337
11 933 591 1142 2512 2070 339 902 640 73 2130 1672
7 2422 1409 2110 1988 1080 2215 373
9 2737 1210 2070 2005 220 2411 1741 2492 117
13 1340 2979 1204 1666 312 1310 1505 1243 127 2496 2459 1990 951
8 1686 1118 135 864 2121 1823 2220 2822
10 1554 2437 2607 2969 658 1232 2927 1522 2774 1004
9 186 28 2371 830 2414 386 1432 2773 114
11 2946 1760 1310 185 2247 2338 750 2943 2487 748 2546
8 2721 378 1037 355 2999 1910 1890 1840
8 496 989 1566 2376 533 1582 2388 1152
10 1324 1785 542 2161 508 321 1629 575 772 788
12 1234 1928 2049 1110 1332 1319 2589 2559 2433 1130 309 539
10 11 2762 460 1316 1054 2558 403 421 1537 2898
8 1396 2393 1573 2747 2621 884 2237 2834
11 2693 245 1834 448 2511 2345 1322 2296 919 704 2960
11 2885 591 1104 929 1387 1777 894 454 2777 1282 1597
10 844 1054 581 1447 9 354 2746 1131 788 478
10 780 2946 1902 27 2752 660 2039 1354 2069 353
7 1630 1214 1631 344 801 862 427
11 597 516 893 2875 16 1506 1697 2068 396 2881 2117
10 293 2775 1047 1332 1284 130 348 552 2938 1731
10 274 1137 749 59 1041 99 1425 1605 644 2185
7 930 1039 966 1965 2886 1356 1871
10 133 549 1552 518 1955 1305 2195 2337 1269 2486
10 311 2925 2556 1310 2856 1297 474 2009 2953 251
9 1221 2493 313 420 2101 1564 2870 2561 1053
13 699 1044 1579 1121 2523 568 1298 2860 2517 2219 670 913 1561
8 28 82 2754 2230 1201 1325 746 1698
8 2516 873 399 368 2877 658 1069 2215
9 2373 2775 2782 192 2479 2634 1791 2331 1327
11 11 1780 21 610 2335 407 2503 2766 102 2352 213
8 1016 13 2015 2701 1796 2911 55 1008
9 940 2573 2545 59 2243 1540 894 1890 781
13 2322 844 1610 2701 2161 568 1974 263 1384 2617 1062 2739 755
10 2904 170 368 1184 2178 2642 2007 1218 622 2428
11 2142 1110 2033 350 830 2281 281 1141 177 1101 1267
7 2236 430 441 264 191 1163 279
7 274 2074 1102 1027 2659 587 816
11 709 44 1181 1172 2600 1213 2379 2459 843 1412 601
9 2935 2565 2570 2005 480 673 2055 269 1350
8 2945 1104 1011 30 2287 1981 1362 1500
7 2718 2518 1014 122 2181 1175 1267
11 1183 1573 2468 97 1627 1360 1355 1376 235 1337 1415
9 930 1317 678 2736 2040 297 1865 1438 569
8 752 2533 2736 321 1605 2634 1046 2963
10 2770 858 962 573 2756 1425 124 1168 2137 557
14 1587 1259 1309 1794 1050 2667 124 2101 2596 1145 1832 1750 2837 1815
13 2962 844 2141 852 1712 897 2203 207 2503 2324 1196 1415 2002
6 933 2537 1638 1378 831 318
12 2277 504 378 2367 475 1971 1880 1868 176 1286 2764 534
8 50 2231 2410 1965 66 2361 703 932
8 246 2056 1037 1394 2320 1117 1439 2310
11 543 1616 1743 1649 2626 1876 2274 1816 2443 1171 781
13 845 688 2415 2282 2408 228 2358 8 1691 2596 2201 32 2475
10 893 2318 1570 1648 1535 2101 1168 1008 1591 2354
11 2945 2527 735 2424 221 2209 2166 1167 148 1385 2133
7 1743 1856 2597 2921 223 73 1412
10 1610 2010 2029 907 2983 2666 2337 914 1511 2351
13 549 1204 2014 2440 1207 2382 320 1511 1024 1152 266 265 2508
8 2160 2257 74 14 831 1863 2349 1500
9 1652 2124 929 101 2368 3 1058 219 242
9 2318 2875 2347 446 2427 2723 2978 2507 292
10 2925 1437 2840 2194 107 2061 2818 520 1716 69
10 1999 1003 356 2626 1296 900 856 640 751 2204
9 1857 1766 1236 1896 1373 2361 1474 2268 2002
7 2686 1054 2569 1804 358 1094 434
7 2355 1277 1737 2406 897 2037 2934
8 1388 1978 1358 1251 436 1718 1564 565
11 11 668 2318 2088 1213 2577 2859 649 1613 58 908
11 578 2686 962 1992 1429 2577 1939 2057 386 1906 806
6 306 1184 2923 216 2763 2758
7 2435 1989 907 1708 1141 796 599
9 1637 237 1047 441 2944 546 100 1890 2327
7 364 2206 2825 1273 2125 1380 2842
8 963 2306 555 359 585 214 2903 1719
10 438 2390 185 1433 304 1995 1344 1024 1438 1812
8 1339 2820 2852 115 2338 2708 2180 2740
9 2435 549 1104 98 1627 1319 660 372 2185
9 180 1914 311 506 2281 1313 1384 738 461
8 450 1803 2016 1995 2859 258 1143 213
9 1291 2925 717 2410 1283 2939 2087 1335 806
7 2891 1064 59 1965 2433 2797 469
10 1780 815 1293 2144 2725 2408 2347 2039 885 807
8 2353 1497 922 841 2181 1372 1086 2661
12 1487 473 1552 952 853 2553 2877 672 703 2731 1404 2224
13 2855 2262 2765 1623 413 1055 2829 2596 2208 1728 2955 981 81
11 283 247 2240 2251 370 1604 1351 194 1066 2009 1781
10 473 1336 240 1475 1631 332 1646 2009 936 1485
13 2543 710 846 2218 2408 2030 881 2196 395 588 2270 1363 114
10 10 2982 293 2147 2705 2378 359 1235 1950 2154
15 2453 917 1206 13 1379 2064 1566 770 1846 1061 1915 2383 2491 2714 1849
7 2690 1649 104 950 2039 1356 655
11 2211 1017 2377 2802 1319 211 2859 2986 2964 2560 1093
14 21 2160 2526 547 2555 1408 2995 693 507 1634 1537 1362 1758 1850
10 2565 2015 547 1192 2016 228 2271 1141 1714 1874
8 2056 1285 606 2683 959 1643 2130 2293
11 1875 2211 1954 2230 667 2551 457 303 854 1890 2216
13 2966 2407 1416 1310 2471 221 2495 2201 113 2583 1385 1850 2848
8 2695 60 370 715 833 1707 535 2561
10 837 1137 689 881 2921 1634 1269 454 2535 1881
8 2899 200 1505 2657 777 776 1432 806
12 364 2109 2511 563 119 2050 482 1549 2955 1786 1826 821
9 2703 389 2607 2909 425 1886 2433 720 2691
6 1276 2562 2558 2253 396 732
10 851 2450 2725 1433 2120 1703 383 318 2834 2402
11 218 863 2967 1231 2916 585 2361 743 870 2684 2521
10 67 2524 306 433 1092 2368 348 1537 1863 609
12 24 108 2160 1645 1835 1495 140 374 1356 2045 172 1698
12 2937 2694 2471 713 664 1948 850 2382 1074 862 168 61
8 1502 1898 571 2886 2843 2387 369 479
7 1090 2306 1627 2155 299 300 1004
11 467 1406 1839 2531 414 828 1122 354 1427 155 1994
13 2946 397 1980 1429 68 1835 1535 207 1356 2201 2469 2993 118
9 616 364 174 612 544 1725 1622 2316 1452
8 1158 1009 1925 1394 2017 2317 575 1851
7 1010 502 2099 779 842 1403 314
15 2394 1359 2981 1310 449 480 914 2129 1096 1557 1711 2148 915 2143 718
14 710 13 2925 2305 2796 1829 426 593 894 73 1590 2304 2220 121
12 1234 2116 2032 596 1683 1504 1488 1693 541 2350 2486 718
8 1299 659 829 335 1947 1912 2350 915
12 1397 1680 2371 916 770 884 1495 1370 126 2924 1523 2344
7 1026 2283 80 1886 613 761 1250
12 545 692 2701 542 1332 2217 1431 2708 2469 891 2002 2293
8 875 1479 1529 1484 489 701 987 1849
12 1894 710 199 2032 2648 304 1581 2804 2915 406 251 2646
11 890 2847 2262 18 2660 480 232 869 1225 327 1849
10 2322 1668 830 80 1207 2309 54 2517 2388 1555
12 2442 498 1115 863 2067 2253 705 566 1069 1937 651 2993
13 714 286 460 2663 2347 156 74 756 256 1707 1337 2114 478
12 1406 2962 277 212 238 447 2800 2890 1313 1937 997 1841
8 699 2116 2356 359 1842 1564 656 2582
7 1914 1907 1627 2854 1413 1019 889
7 35 1954 2768 546 184 2079 1212
11 450 2202 2437 686 1746 2037 2769 2978 1307 1563 1678
8 134 2468 2562 2864 1357 1646 2090 1033
9 391 1293 881 387 223 575 1048 1855 213
9 2126 1743 2929 1219 2779 1019 2507 2924 2434
6 2493 447 264 262 887 747
11 963 627 2234 91 68 1387 624 1953 736 203 908
8 2882 2390 2356 1378 1238 958 1950 114
8 1347 2575 2240 217 1055 756 882 816
13 361 158 277 1794 123 1578 324 594 2129 1541 2745 1576 718
10 676 2925 18 1465 2511 1796 850 705 892 2529
8 509 2282 764 1153 357 529 804 1534
9 2256 1870 2984 2306 787 2877 1984 216 878
10 1173 829 1948 756 1492 2252 1123 64 1018 816
10 516 52 217 2217 1048 343 2113 280 679 1165
13 1187 1749 2206 325 1916 1150 1068 2021 2188 2148 1758 1998 2354
10 160 2695 190 2071 1424 2772 892 3 203 2635
11 2207 560 1987 1435 9 721 2688 1976 908 2451 1808
10 1288 632 2556 2996 483 2786 2225 2491 2316 1651
6 2548 678 2901 1117 2881 1849
9 1612 2872 2010 1449 1581 1535 2704 589 2018
9 2236 2874 1243 2627 1726 2190 318 1719 373
13 89 1875 2059 1328 563 2802 1493 1551 320 2021 1569 1590 1385
9 2891 2633 1151 486 1084 1449 1201 1491 517
9 1113 1680 238 2553 1624 395 1619 1112 20
11 2430 1928 2977 977 1482 2577 1542 2227 799 2868 2133
7 2056 2977 2386 2082 1921 1414 1998
8 1245 147 495 950 2766 1901 1196 1485
12 1782 1100 1245 484 1911 1659 290 2412 1372 2455 1239 1848
9 379 630 5 1445 101 1202 396 919 2069
9 2876 1872 2563 2400 1862 1642 1367 2208 2789
11 2182 83 2579 2806 2765 1655 30 1322 2859 746 154
9 1701 2484 2882 573 2862 307 805 898 2279
7 498 1830 716 2886 124 2844 1909
12 2255 1075 401 356 814 272 324 2050 546 494 1286 821
12 1478 83 1098 1316 476 1558 142 374 1130 1198 279 2344
12 1186 578 2984 1839 2852 1655 80 2917 1639 695 105 1139
11 836 1009 397 2726 904 1273 587 1038 2978 1689 1621
9 13 2478 2186 920 101 850 825 520 2171
11 2878 2866 832 316 1014 811 1712 2620 1707 644 2384
14 2453 2794 983 2950 2793 2240 449 228 159 1252 398 1335 2183 1672
8 416 2008 2995 2040 762 236 1522 601
9 1397 1686 749 576 2246 1329 1318 1997 2822
9 2452 2488 542 612 1391 182 1248 2839 2156
7 631 1899 2466 2301 2755 184 427
7 2123 240 2132 1260 585 2893 2451
9 1709 1502 1185 510 2061 2685 223 924 2529
9 1221 1765 2071 861 256 1481 1787 1048 2114
10 2249 1014 238 2720 2101 2830 1023 457 300 671
10 1410 2757 1032 1687 2082 959 2021 2268 478 960
7 496 2431 2751 572 1313 1483 69
9 1221 2421 1025 2229 1367 2494 1248 1526 1848
10 516 2747 2463 2313 1876 537 2915 2121 2268 317
11 2601 2393 678 2309 525 189 116 2201 805 25 1008
9 419 24 399 2765 2968 2368 1220 2940 2687
12 2878 2 1727 1501 2066 2404 1355 76 2628 941 1979 2508
12 906 2367 551 1971 757 2120 2079 1605 987 2792 251 991
8 267 1338 2983 441 2164 1318 778 117
7 896 1991 2110 994 1699 1967 2455
11 2193 1097 1025 316 1493 2209 2931 2860 614 337 2441
11 930 240 2474 468 1251 189 307 2285 2797 126 1326
9 2824 1586 1169 2110 2503 953 1818 784 1033
12 709 2548 2147 2918 1440 1407 1697 2767 1944 2759 2077 2661
10 597 2537 87 1513 1378 773 1811 2624 891 2036
10 699 1717 1102 1572 602 2923 1886 2079 411 2833
10 1135 2819 2466 2648 1631 455 965 2250 1858 1333
9 1173 1214 2206 2648 673 2978 1643 2868 1812
9 2654 706 1737 824 2357 1626 746 1602 1723
9 103 2393 2054 220 2120 214 1832 434 2963
14 428 28 2405 1547 2656 1982 1528 2894 762 2494 2624 2790 2469 2293
8 308 134 2119 1435 2713 412 2009 565
11 2284 2729 2109 2744 185 1424 2095 298 2270 1874 534
7 2820 1079 2523 329 386 629 2336
8 2794 1338 1954 253 1739 2955 327 2849
9 2430 2070 2131 684 779 66 457 803 20
11 893 610 2872 413 2544 395 1117 914 100 1464 243
9 1193 1616 1465 811 264 2024 2429 1838 1427
7 1448 1496 827 116 166 2220 2486
13 1929 591 1210 1665 441 228 125 724 910 2113 1248 1289 2838
9 2989 1121 2238 707 458 482 842 1196 1008
7 1221 356 2358 842 613 1575 1692
10 13 617 91 939 132 207 515 2723 743 2640
12 1334 4 2468 2426 863 2398 555 881 948 54 2964 622
10 423 2855 1121 1116 1536 1070 2886 57 2168 1682
7 733 749 1462 2760 357 1836 1500
12 158 1187 631 13 1773 2998 763 1916 1045 1180 2324 2455
11 2048 2332 316 261 1623 2196 1442 2017 406 2624 342
7 2957 1872 1488 387 71 2148 69
12 2609 1814 2585 2115 448 2835 2567 2551 598 291 2661 638
10 917 2991 2511 1295 2734 602 585 1793 2360 2413
11 477 2318 2820 1002 2363 2541 136 2035 1528 263 633
12 103 906 2179 5 2463 426 127 1919 2017 351 1716 2489
9 416 59 2010 2532 2260 1531 327 69 534
12 639 2380 595 2968 600 2863 1919 537 124 879 625 1363
14 712 450 364 603 2179 1588 1558 2552 2459 825 1518 2536 2344 923
8 2032 686 1050 2685 2361 843 2665 2960
8 792 627 1655 99 1619 302 2237 443
13 1026 1664 1047 1948 1820 2209 1274 2217 1225 2741 417 1152 1444
10 1805 2400 2480 2042 1366 2655 1255 258 2844 2702
9 1957 82 1285 1717 664 2348 2763 2789 2826
12 2593 2937 306 623 2408 1883 1166 507 2986 1538 2279 608
9 1299 752 237 1107 101 2850 71 1066 1108
10 490 1277 1179 209 2406 730 705 2637 958 1480
8 1160 2124 2309 648 1031 1667 2665 2349
12 44 2049 1211 2862 2724 325 2850 552 703 0 2489 1662
11 2946 2421 2680 1065 1345 185 2896 71 421 1056 1990
10 1673 1664 612 1203 1390 673 2939 2245 203 337
13 797 1214 623 2864 1982 1831 1161 2954 1619 1791 2947 1807 2941
7 2867 2266 1102 458 2055 1775 32
12 78 2609 410 1853 1166 2894 959 976 778 2391 2903 1263
8 257 561 238 770 1873 625 1051 722
10 1745 1192 272 600 2121 636 2476 1058 2719 679
8 21 2883 2131 1330 1700 66 1634 1062
12 230 450 1573 1683 1084 1274 2046 520 2270 1353 2973 2661
11 890 1679 1210 1983 157 201 302 2237 2180 2114 2787
10 2651 631 2799 2258 2203 1451 1605 1716 1946 2413
8 1709 2437 2526 350 1265 2829 95 2764
8 2447 2866 1872 1345 1424 2429 1452 782
11 2737 1089 2234 227 2359 2502 395 1220 1970 1874 2354
11 1945 744 1717 144 685 992 2634 2507 1177 1171 2749
14 1389 1759 1374 2675 399 1176 2552 1735 2252 880 1877 2582 2470 512
11 1052 1872 2405 1983 757 115 515 1889 2137 889 2848
11 2548 2126 1249 1794 129 2243 2454 635 783 309 2441
10 2249 2537 97 1284 602 57 1405 1143 807 2069
10 550 2131 811 745 307 231 1269 1863 1952 2546
7 2712 1785 2531 79 970 262 2134
9 134 306 370 1556 588 2902 609 2349 2327
11 2757 1013 1773 414 1015 2343 2334 2504 66 1549 2759
9 1348 2477 829 1190 2420 598 1644 1808 81
11 2254 2753 2747 2892 1332 2333 762 1981 2893 2940 1812
9 574 2435 637 2901 559 1094 1583 1008 2385
11 2078 2703 2949 637 2013 2713 348 1233 2021 1731 2582
6 1302 1011 2473 2592 1024 1134
10 1788 752 2363 1631 2864 660 2418 327 652 1082
9 2346 925 408 2862 745 1442 2208 1404 1363
8 663 1794 94 2724 321 2750 1066 908
12 2878 663 2482 925 690 2186 2287 1868 2550 589 2993 766
7 1872 536 221 654 363 2487 1917
11 2880 1121 2210 1648 99 1387 157 297 1198 1611 2381
11 1430 492 2747 367 2040 2525 2741 1344 1836 1195 154
8 2956 1457 2105 290 161 2652 517 1575
10 2549 699 2175 91 2005 1639 1361 1474 1426 816
8 676 2563 222 1558 2632 2418 2127 2789
7 170 787 1330 2915 958 1307 1049
13 1949 1686 711 131 678 449 2922 2414 1919 1974 2620 980 404
9 1664 2124 1088 2577 1265 2209 1167 73 179
10 1090 218 1204 689 1408 1625 1314 113 2045 2749
9 2846 1047 868 1376 1739 54 1030 404 435
14 1016 733 1749 1737 324 233 2465 1516 2808 2352 314 554 2002 1840
9 2975 1209 739 430 1804 944 2860 2507 539
11 477 982 1573 2008 994 275 2168 532 1196 2145 7
12 1914 665 1151 2251 2016 1948 2576 2509 1222 1793 2826 1841
9 603 1258 2054 1390 1136 2479 1842 522 915
9 909 178 1103 1645 458 2418 341 1576 1861
10 2346 2971 2573 1828 1352 1638 1243 482 2634 1768
9 1135 2100 1178 2682 1201 2978 1069 915 2319
11 378 1104 723 2926 96 212 2103 1729 1981 532 84
7 2284 149 2751 2959 1973 913 682
9 285 405 2044 1271 2683 1595 62 2041 2893
5 1872 365 2247 769 2076
11 2032 2775 1830 1025 1017 1639 2203 1634 1096 434 2443
13 1550 471 283 857 1544 1203 2557 220 642 1787 2881 2868 691
11 1280 277 2805 2729 2109 272 2659 1556 66 642 607
12 1064 680 468 465 2280 1932 127 986 1354 1952 878 2143
10 2712 2677 2457 425 2544 2550 1130 912 2018 1565
10 1608 2545 2831 238 1407 491 169 1468 2150 2963
12 285 170 874 518 798 2629 1304 1993 1910 1757 1822 117
6 983 401 2580 2772 166 369
10 2085 410 2141 1795 2382 348 848 2006 1534 601
9 2788 1266 1510 2683 2097 1718 1522 1165 534
11 1388 2100 1484 1638 1895 232 1941 2350 1337 2198 2081
9 1339 1416 2179 1228 115 1582 328 268 1108
8 2695 2785 1544 1659 2710 794 2148 2771
10 1264 1079 2717 611 304 2334 3 0 349 2661
8 2935 2686 1991 2599 420 184 2763 2974
13 835 1079 2165 1207 2217 1199 2157 2688 898 1792 1289 1177 1227
7 2123 2158 112 2287 965 1845 111
10 490 1402 2206 1677 2110 1820 1456 1681 2384 1093
10 239 145 2440 1911 273 2784 2101 1904 40 2349
12 999 1512 352 1927 2258 687 2155 2037 2065 625 2560 2848
9 714 2474 1645 1971 1328 2657 2589 338 1575
11 1397 2946 1867 1710 1497 2541 2632 1045 1439 1546 2443
11 1120 1614 218 1544 1070 1146 1741 2296 2245 1177 1327
9 1598 1309 1437 610 664 2458 1431 1415 2096
13 940 2866 1277 829 185 1980 137 2604 388 562 1564 747 61
8 1885 35 227 1635 1963 750 2459 2826
9 1470 988 716 420 2153 2329 784 1242 1678
8 2126 2998 1146 559 1376 231 1494 242
12 1389 2770 164 1103 1435 1148 2649 1985 1061 2507 1337 1591
9 2187 52 112 2886 2910 783 957 2973 2832
9 2506 2435 2419 2029 1558 594 2496 2170 1490
9 2175 1116 65 2817 132 1300 1569 807 2646
11 1610 2949 377 2152 1513 2411 2317 958 565 2868 1850
8 2263 391 2294 1328 2073 658 976 666
8 170 637 56 1265 2427 2681 1518 1534
7 378 972 1146 2944 2427 620 342
8 2690 1649 2291 2343 914 1167 188 1143
12 170 1717 1497 2287 1005 1166 46 2943 2009 1129 1874 2475
10 681 2367 56 156 2589 725 2079 1549 1943 2616
8 2970 2355 415 331 2998 1442 562 795
9 2004 2801 2282 612 2108 970 124 1269 2489
7 2904 2474 2501 1387 1516 2938 816
8 903 1338 514 1729 1145 1247 791 1263
16 196 998 2266 2967 1409 611 441 1059 2212 541 546 1122 1225 1775 1227 1848
10 1434 1032 2663 1368 2343 1718 2201 1865 1589 2546
6 1216 2264 2110 1481 2771 81
9 2248 2417 2555 2035 1055 488 1464 1195 1597
8 711 617 942 2921 577 1509 25 195
8 1342 2500 2390 1631 2509 2252 1574 2413
10 1044 547 2478 907 2221 2011 1072 1903 1944 2719
7 2718 1311 304 357 268 1248 1840
10 2979 2165 1638 658 1947 206 2927 609 2952 969
7 1013 590 1627 101 2341 912 1082
10 505 1308 471 674 2840 1305 2829 1218 1439 342
11 890 1885 2446 1098 1927 159 321 2458 2270 2384 1692
10 1727 1664 1715 1902 1806 2424 273 777 294 732
12 2670 1010 2717 276 1493 1654 2652 1988 1261 732 337 2711
7 1280 2238 1648 1738 1375 1970 154
9 1389 1798 174 502 1284 2923 1996 1247 1333
13 1343 2445 1032 1228 1368 2288 1528 2811 1967 1370 309 2940 2381
9 1958 798 1251 1939 320 1908 300 2953 1994
11 13 2029 2359 2613 684 130 1312 412 644 2384 1815
9 498 815 2677 2980 494 953 520 23 20
12 2193 490 2440 1453 840 1067 935 51 636 169 1196 2771
9 1369 2609 226 739 713 943 1226 2943 1937
9 2284 2147 988 2621 1746 2281 290 263 2385
10 845 1766 1504 2863 1799 296 173 772 1597 342
7 1115 1920 2140 2411 421 1418 1134
8 2477 962 612 370 2473 613 291 1561
8 2236 925 270 465 570 636 2486 870
13 415 2555 2029 2643 403 1528 166 2615 1643 1609 203 1267 2286
11 1930 1907 2821 2307 1272 499 769 2723 1421 2483 2790
10 245 96 553 2862 947 2490 2325 1222 898 731
8 2123 1463 2064 436 2528 1626 1557 2940
12 985 896 1013 218 550 1021 1955 2742 2784 1988 474 646
7 1594 1121 1578 2611 1921 1198 1672
8 545 754 2023 1279 1966 1827 1574 2428
8 310 2590 770 241 2995 592 1468 2279
8 846 394 871 979 2312 650 1061 697
12 1364 696 230 1567 1648 2449 2357 398 421 2492 179 807
12 1579 2949 322 1806 1449 1916 115 593 1622 2771 1705 2077
8 1801 2119 2823 1631 2532 2031 422 2740
10 1264 1499 1338 2457 375 307 1117 214 2658 634
7 2292 929 1882 867 2122 1403 1082
8 1899 617 2305 130 2459 522 279 1267
14 1594 2776 1878 1336 2432 2991 1029 487 1802 568 648 2418 1247 1850
11 1135 147 1012 814 948 1868 2843 1827 1080 2213 878
7 2421 753 972 719 2414 2051 1262
10 2467 466 2191 1913 284 2343 2097 843 2665 2529
12 50 2564 2070 2533 1592 2050 2000 2458 1123 20 271 1979
10 2303 2778 1878 167 436 189 1481 1048 1227 1698
8 2430 1324 212 942 2365 1443 1361 265
10 1586 1879 350 1493 1747 2374 872 2331 2171 1398
10 70 611 2454 1199 2325 1491 621 2908 1370 2952
9 1999 2730 1466 1766 2378 2337 2086 1850 786
13 1292 2393 2716 401 1536 1272 1653 2065 2198 2561 1444 2286 1250
7 1419 2124 2033 1632 2291 39 38
10 1900 998 1867 988 1433 902 141 870 2150 601
9 2712 2266 1641 1116 1184 211 2438 805 2535
9 1349 1797 492 1638 996 2657 332 2895 748
11 473 1545 120 881 301 900 1966 1742 2594 1439 1692
6 1586 2793 334 2189 507 1441
7 361 2015 1737 2288 57 1007 791
8 1406 2718 561 2288 840 2285 854 75
10 712 1617 2783 1864 1571 556 1006 1469 2491 1480
11 2214 2059 1856 2016 1425 2203 605 51 194 633 2081
8 2970 939 2075 1451 2860 184 629 162
9 711 1773 1399 2347 2358 2604 1386 2834 919
11 2729 2417 2996 1765 2613 2980 2779 1681 980 353 1848
7 246 5 2232 2341 1071 1976 608
9 632 2527 2802 211 1876 1904 2550 47 2990
8 1151 2526 2103 2629 1422 2504 2986 1877
8 2891 2450 493 455 911 572 2583 61
7 477 1610 440 947 482 2987 2006
9 2228 1359 2677 1433 2298 1366 130 2026 1776
12 431 1894 2945 1501 147 409 2599 2061 302 152 2535 960
9 836 2074 356 576 2772 953 1380 1477 1480
11 2394 1052 1091 2694 241 2333 2655 979 1731 2290 806
8 2935 547 2298 1762 1300 1942 2842 1840
11 709 2052 2524 1254 228 1076 672 2188 371 2546 2687
6 1137 2478 2689 2567 625 2773
10 89 487 1765 1819 1708 2595 1138 640 980 1909
10 1016 846 561 2068 1535 2542 2681 1555 1049 2077
10 1234 1209 402 288 135 2713 39 1344 1518 2740
9 2948 1878 2537 785 2166 338 1621 661 1926
8 2355 700 238 1095 2798 3 1129 1001
11 2989 389 2426 2386 553 1883 1456 593 2767 2658 1363
10 24 504 2118 2656 2853 2968 2856 2246 1818 2498
10 1608 2255 2353 659 2406 1540 46 702 2740 1500
11 1052 550 1600 2457 1294 1568 1741 976 1239 2198 2993
9 1000 1216 1834 2696 2253 182 2352 1415 991
8 2867 1715 2597 1059 724 2893 1940 2740
11 1958 1834 1911 2648 436 1155 521 2887 2129 2188 2081
9 1317 2694 2258 1442 559 1800 2615 216 2714
8 86 1137 368 192 2679 2986 2898 2081
12 1410 2631 97 2276 1390 641 594 2170 2515 2439 791 1678
11 496 2147 2179 1505 1278 2666 1703 2943 1858 25 1281
11 2654 65 90 1407 2643 2553 2496 2439 790 2188 1848
9 2111 1331 167 1558 1691 1361 340 666 2018
12 1343 1280 2468 993 2415 1185 1449 2261 1603 2790 517 1946
11 2053 694 686 221 403 499 892 1574 349 2508 1850
10 1785 586 1737 53 871 1235 860 1362 1134 2661
10 143 1760 408 2019 2358 604 1149 2201 58 821
13 274 378 1254 1399 1084 1355 2655 2050 566 297 1152 1432 1289
