17 70
144 94 100 142 56 196 124 126 82 144 200 86 140 112 34 132
3 10 428
3 15 768
14 17 148
7 14 459
11 16 300
6 7 101
1 6 274
5 15 643
9 17 475
9 12 219
2 17 892
5 7 138
6 8 176
2 7 309
9 13 262
9 15 396
12 13 57
12 17 262
1 17 974
5 8 194
5 9 258
1 13 768
2 8 376
2 15 821
5 17 726
5 9 265
2 8 374
2 7 312
2 13 695
2 16 820
2 12 650
2 7 300
1 2 85
2 6 199
1 3 127
8 15 455
10 16 370
13 15 148
2 13 687
11 14 233
6 10 284
1 5 251
3 13 632
14 15 73
7 16 538
3 9 394
3 7 256
6 13 489
12 16 203
8 9 82
1 17 962
12 15 182
2 13 689
8 17 532
14 17 160
3 4 52
8 13 338
7 14 466
10 14 289
7 11 256
6 14 561
10 16 366
9 12 215
10 17 442
1 4 179
2 15 823
12 16 196
14 16 76
4 17 804
2 17 903
